"daynum","ind.derm.exp1","ind.derm.exp2","ind.derm.exp3","ind.derm.exp4","ind.derm.exp5","ind.derm.pr.exp1","ind.derm.pr.exp2","ind.derm.pr.exp3","ind.derm.pr.exp4","ind.derm.pr.exp5","ind.derm.ar.exp1","ind.derm.ar.exp2","ind.derm.ar.exp3","ind.derm.ar.exp4","ind.derm.ar.exp5","ind.derm.max1","ind.derm.max2","ind.derm.max3","ind.derm.max4","ind.derm.max5","ind.derm.abs1","ind.derm.abs2","ind.derm.abs3","ind.derm.abs4","ind.derm.abs5","ind.inhal.exp1","ind.inhal.exp2","ind.inhal.exp3","ind.inhal.exp4","ind.inhal.exp5","ind.inhal.pr.exp1","ind.inhal.pr.exp2","ind.inhal.pr.exp3","ind.inhal.pr.exp4","ind.inhal.pr.exp5","ind.inhal.ar.exp1","ind.inhal.ar.exp2","ind.inhal.ar.exp3","ind.inhal.ar.exp4","ind.inhal.ar.exp5","ind.inhal.amb.in1","ind.inhal.amb.in2","ind.inhal.amb.in3","ind.inhal.amb.in4","ind.inhal.amb.in5","ind.inhal.amb.out1","ind.inhal.amb.out2","ind.inhal.amb.out3","ind.inhal.amb.out4","ind.inhal.amb.out5","ind.inhal.max1","ind.inhal.max2","ind.inhal.max3","ind.inhal.max4","ind.inhal.max5","ind.inhal.mass1","ind.inhal.mass2","ind.inhal.mass3","ind.inhal.mass4","ind.inhal.mass5","ind.inhal.abs1","ind.inhal.abs2","ind.inhal.abs3","ind.inhal.abs4","ind.inhal.abs5","ind.ingest.exp1","ind.ingest.exp2","ind.ingest.exp3","ind.ingest.exp4","ind.ingest.exp5","ind.ingest.abs1","ind.ingest.abs2","ind.ingest.abs3","ind.ingest.abs4","ind.ingest.abs5"
1,0,0,0,0,0,0,0,0,0,0,0,0,0,0,0,0,0,0,0,0,0,0,0,0,0,0,0,0,0,0,0,0,0,0,0,0,0,0,0,0,0,0,0,0,0,0,0,0,0,0,0,0,0,0,0,0,0,0,0,0,0,0,0,0,0,0,0,0,0,0,0,0,0,0,0
2,0,0,0,0,0,0,0,0,0,0,0,0,0,0,0,0,0,0,0,0,0,0,0,0,0,0,0,0,0,0,0,0,0,0,0,0,0,0,0,0,0,0,0,0,0,0,0,0,0,0,0,0,0,0,0,0,0,0,0,0,0,0,0,0,0,0,0,0,0,0,0,0,0,0,0
3,0,0,0,0,0,0,0,0,0,0,0,0,0,0,0,0,0,0,0,0,0,0,0,0,0,0,0,0,0,0,0,0,0,0,0,0,0,0,0,0,0,0,0,0,0,0,0,0,0,0,0,0,0,0,0,0,0,0,0,0,0,0,0,0,0,0,0,0,0,0,0,0,0,0,0
4,0,0,0.472210116540237,0,0,0,0,0.472210116540237,0,0,0,0,0,0,0,0,0,0.000190026513636466,0,0,0,0,0.000316807254091924,0,0,0,0,1.79005528818976,0,0,0,0,1.79005528818976,0,0,0,0,0,0,0,0,0,0,0,0,0,0,0,0,0,0,0,16.5863056936421,0,0,0,0,47.2574596082097,0,0,0,0,7.56119353731355,0,0,0,0,3.29970339853881e-08,0,0,0,0,3.2986917886697e-08,0,0
5,0,0,1.79855799779948,0,0,0,0,1.79855799779948,0,0,0,0,0,0,0,0,0,0.000191247333875006,0,0,0,0,0.00120665822406066,0,0,0,0,0.441101623178806,0,0,0,0,0.441101623178806,0,0,0,0,0,0,0,0,0,0,0,0,0,0,0,0,0,0,0,2.23754415582143,0,0,0,0,11.0023526529949,0,0,0,0,1.76037642447918,0,0,0,0,1.25679389956534e-07,0,0,0,0,1.25640859671879e-07,0,0
6,0,0.369712673840086,0.866470102673986,0,0,0,0.369712673840086,0.866470102673986,0,0,0,0,0,0,0,0,7.22908383118978e-05,0.000104196131945064,0,0,0,0.142359490390663,0.000581317520243136,0,0,0,0.000844654194082611,0.321996617989771,0,0,0,0.000844654194082611,0.321996617989771,0,0,0,0,0,0,0,0,0,0,0,0,0,0,0,0,0,0,0.00662364949875799,1.89900711115586,0,0,0,0.0222988707237809,8.17807589790764,0,0,0,0.00356781931580495,1.30849214366522,0,0,0,8.59765862072926e-05,6.05470794118829e-08,0,0,0,8.59353867430416e-05,6.05285171304651e-08,0,0
7,0,0.855865746324684,0.571774150308635,0,0,0,0.855865746324684,0.571774150308635,0,0,0,0,0,0,0,0,7.22698901684008e-05,6.68305080964905e-05,0,0,0,0.329554868173946,0.000383605077856451,0,0,0,0.00109336366461856,0.0718966368577857,0,0,0,0.00109336366461856,0.0718966368577857,0,0,0,0,0,0,0,0,0,0,0,0,0,0,0,0,0,0,0.00127318438553675,0.13196562581006,0,0,0,0.0284701735090545,1.7542854677469,0,0,0,0.00455522776144872,0.280685674839505,0,0,0,0.00019903135685465,3.99543559293753e-08,0,0,0,0.000198935982222634,3.99421068827519e-08,0,0
8,0,0.736877339747667,0.241840377000852,0,0,0,0.736877339747667,0.241840377000852,0,0,0,0,0,0,0,0,7.21477207315917e-05,3.41678797932592e-05,0,0,0,0.283737859125379,0.000162251470441903,0,0,0,0.000944961517464568,0.0338520774165313,0,0,0,0.000944961517464568,0.0338520774165313,0,0,0,0,0,0,0,0,0,0,0,0,0,0,0,0,0,0,0.00126982425209455,0.0471921996088186,0,0,0,0.0246116732469953,0.758505305981803,0,0,0,0.00393786771951925,0.121360848957088,0,0,0,0.000171360633832149,1.6899288811099e-08,0,0,0,0.000171278518844581,1.68941078947325e-08,0,0
9,0,0.761542821744342,0.127650838263422,0,0,0,0.761542821744342,0.127650838263422,0,0,0,0,0,0,0,0,7.2025714758075e-05,1.73987515817479e-05,0,0,0,0.293235411402436,8.56413493405561e-05,0,0,0,0.000976214004107192,0.0173179770608954,0,0,0,0.000976214004107192,0.0173179770608954,0,0,0,0,0,0,0,0,0,0,0,0,0,0,0,0,0,0,0.00126767690575405,0.0240301385423813,0,0,0,0.025311642960106,0.39371024035525,0,0,0,0.00404986287361695,0.0629936384568399,0,0,0,0.000177096585259524,8.91996782979238e-09,0,0,0,0.000177011721638447,8.91723318173499e-09,0,0
10,0,0.823600172333651,0.0721648982434981,0,0,0,0.823600172333651,0.0721648982434981,0,0,0,0,0,0,0,0,7.19039151037244e-05,8.85967953165649e-06,0,0,0,0.317130867062985,4.84156574659019e-05,0,0,0,0.00105394263937296,0.00881439445630774,0,0,0,0.00105394263937296,0.00881439445630774,0,0,0,0,0,0,0,0,0,0,0,0,0,0,0,0,0,0,0.00126553319070078,0.0122364713967754,0,0,0,0.0274340948427143,0.21088236238051,0,0,0,0.00438945517483429,0.0337411779808816,0,0,0,0.000191528006009373,5.04272889649088e-09,0,0,0,0.000191436226938061,5.04118291683671e-09,0,0
11,0,0.839220041920143,0.0380243211415427,0,0,0,0.839220041920143,0.0380243211415427,0,0,0,0,0,0,0,0,7.17823214196422e-05,4.51146859779366e-06,0,0,0,0.323145366515236,2.55106367856377e-05,0,0,0,0.00107218219348698,0.00449663132556115,0,0,0,0.00107218219348698,0.00449663132556115,0,0,0,0,0,0,0,0,0,0,0,0,0,0,0,0,0,0,0.00126339310079381,0.00623097666874873,0,0,0,0.0280074717039374,0.109351639823873,0,0,0,0.00448119547262998,0.0174962623718197,0,0,0,0.000195160402621858,2.65705831584377e-09,0,0,0,0.000195066882927884,2.65624372553353e-09,0,0
12,0,0.828284526517734,0.0189434405590821,0,0,0,0.828284526517734,0.0189434405590821,0,0,0,0,0,0,0,0,7.16609333575207e-05,2.29730080373153e-06,0,0,0,0.318934598234894,1.27092139205895e-05,0,0,0,0.00106173504808831,0.00230256988547727,0,0,0,0.00106173504808831,0.00230256988547727,0,0,0,0,0,0,0,0,0,0,0,0,0,0,0,0,0,0,0.00126125662990279,0.0031728975607077,0,0,0,0.0277661723664934,0.0552296456733247,0,0,0,0.00444258757863894,0.00883674330773195,0,0,0,0.000192617351357343,1.32372715033721e-09,0,0,0,0.000192525050278277,1.32332132736237e-09,0,0
13,0,0.747601163833997,0.00848836980283685,0,0,0,0.747601163833997,0.00848836980283685,0,0,0,0,0,0,0,0,7.15397505696413e-05,1.16981662809458e-06,0,0,0,0.287867114733829,5.69487402907939e-06,0,0,0,0.000959085329278473,0.00116655511400857,0,0,0,0.000959085329278473,0.00116655511400857,0,0,0,0,0,0,0,0,0,0,0,0,0,0,0,0,0,0,0.00125912377190776,0.00161568233455872,0,0,0,0.0250810213960695,0.0263655361050691,0,0,0,0.00401296342337112,0.00421848577681105,0,0,0,0.000173854456336133,5.93149144954591e-10,0,0,0,0.000173771146323783,5.92967299662328e-10,0,0
14,0,0.799097357949065,0.00469924195124762,0,0,0,0.799097357949065,0.00469924195124762,0,0,0,0,0,0,0,0,7.14187727088734e-05,5.95686442604181e-07,0,0,0,0.307695950665081,3.15273622216325e-06,0,0,0,0.00101958093328795,0.000594502195538287,0,0,0,0.00101958093328795,0.000594502195538287,0,0,0,0,0,0,0,0,0,0,0,0,0,0,0,0,0,0,0.0012569945206991,0.000822727288309575,0,0,0,0.0267563703253158,0.0139808169261486,0,0,0,0.00428101925205052,0.00223693070818377,0,0,0,0.00018582988289291,3.28372986811405e-10,0,0,0,0.000185740834328007,3.282723155346e-10,0,0
15,0,0.712667220317686,0.00208955830234649,0,0,0,0.712667220317686,0.00208955830234649,0,0,0,0,0,0,0,0,7.12979994286734e-05,3.03331590080404e-07,0,0,0,0.27441564620649,1.40189124468909e-06,0,0,0,0.000907337742714201,0.000300644400879968,0,0,0,0.000907337742714201,0.000300644400879968,0,0,0,0,0,0,0,0,0,0,0,0,0,0,0,0,0,0,0.00125486887017753,0.000418943858239373,0,0,0,0.023552902147463,0.00665055892498972,0,0,0,0.00376846434359408,0.00106408942799836,0,0,0,0.000165730576851303,1.46013869465886e-10,0,0,0,0.00016565115975326,1.45969105117841e-10,0,0
16,0,0.788329352471308,0.00121992348412095,0,0,0,0.788329352471308,0.00121992348412095,0,0,0,0,0,0,0,0,7.11774303830836e-05,1.54460546623259e-07,0,0,0,0.303549682817633,8.18450506817291e-07,0,0,0,0.00100623786284278,0.000153372158468669,0,0,0,0.00100623786284278,0.000153372158468669,0,0,0,0,0,0,0,0,0,0,0,0,0,0,0,0,0,0,0.00125274681425408,0.000213331876613834,0,0,0,0.0261510217420255,0.00361714347989856,0,0,0,0.00418416347872408,0.000578742956783769,0,0,0,0.000183325786017834,8.52456464932212e-11,0,0,0,0.000183237937401129,8.52195122239019e-11,0,0
17,0,0.842853443977898,0.000673980622227725,0,0,0,0.842853443977898,0.000673980622227725,0,0,0,0,0,0,0,0,7.10570652267316e-05,7.86533986019454e-08,0,0,0,0.324544423950714,4.52175721696843e-07,0,0,0,0.00107795457963518,7.82751992148808e-05,0,0,0,0.00107795457963518,7.82751992148808e-05,0,0,0,0,0,0,0,0,0,0,0,0,0,0,0,0,0,0,0.00125062834685008,0.000108631475756297,0,0,0,0.0281950580371914,0.00192118958608124,0,0,0,0.00451120928595063,0.000307390333772998,0,0,0,0.00019600534932601,4.70963258053076e-11,0,0,0,0.000195911424738645,4.70818872021275e-11,0,0
18,0,0.843436036320085,0.000342728008607475,0,0,0,0.843436036320085,0.000342728008607475,0,0,0,0,0,0,0,0,7.09369036148287e-05,4.0051373939039e-08,0,0,0,0.324768753693262,2.29937300163868e-07,0,0,0,0.00108028019966819,4.01273304114819e-05,0,0,0,0.00108028019966819,4.01273304114819e-05,0,0,0,0,0,0,0,0,0,0,0,0,0,0,0,0,0,0,0.00124851346189713,5.53166161208637e-05,0,0,0,0.0281295609628826,0.000980741394510034,0,0,0,0.00450072975406121,0.000156918623121605,0,0,0,0.000196140831023761,2.39491009439261e-11,0,0,0,0.000196046841514379,2.39417587243551e-11,0,0
19,0,0.772912014875465,0.000156002173364416,0,0,0,0.772912014875465,0.000156002173364416,0,0,0,0,0,0,0,0,7.08169452031696e-05,2.03947010926119e-08,0,0,0,0.29761316919875,1.04662349333089e-07,0,0,0,0.000990001769176364,2.02856378090699e-05,0,0,0,0.000990001769176364,2.02856378090699e-05,0,0,0,0,0,0,0,0,0,0,0,0,0,0,0,0,0,0,0.0012464021533371,2.81679687932033e-05,0,0,0,0.0258627905305613,0.000470689741482496,0,0,0,0.00413804648488981,7.53103586371993e-05,0,0,0,0.000179740488167132,1.09010985491274e-11,0,0,0,0.000179654357603645,1.08977565339386e-11,0,0
20,0,0.742822739986425,7.63119382451779e-05,0,0,0,0.742822739986425,7.63119382451779e-05,0,0,0,0,0,0,0,0,7.06971896481309e-05,1.03852575267475e-08,0,0,0,0.286027161624444,5.1197919661315e-08,0,0,0,0.000950981836700441,1.03417461734682e-05,0,0,0,0.000950981836700441,1.03417461734682e-05,0,0,0,0,0,0,0,0,0,0,0,0,0,0,0,0,0,0,0.0012442944151221,1.43435105321929e-05,0,0,0,0.0246516814744753,0.000235231810202922,0,0,0,0.00394426903591606,3.76370896324675e-05,0,0,0,0.000172743235112368,5.33251519094129e-12,0,0,0,0.000172660457590562,5.33088036976411e-12,0,0
21,0,0.819107006722647,4.38486793948602e-05,0,0,0,0.819107006722647,4.38486793948602e-05,0,0,0,0,0,0,0,0,7.05776366066703e-05,5.28831353826198e-09,0,0,0,0.315400753891641,2.94182170776493e-08,0,0,0,0.0010481518935108,5.27322004994683e-06,0,0,0,0.0010481518935108,5.27322004994683e-06,0,0,0,0,0,0,0,0,0,0,0,0,0,0,0,0,0,0,0.00124219024121447,7.30390948305687e-06,0,0,0,0.0273935323691682,0.000127157050189647,0,0,0,0.00438296517906691,2.03451280303436e-05,0,0,0,0.000190483121514379,3.06405202583858e-12,0,0,0,0.000190391843145448,3.06311266102471e-12,0,0
22,0,0.727622539001242,1.92247218030951e-05,0,0,0,0.727622539001242,1.92247218030951e-05,0,0,0,0,0,0,0,0,7.04582857363256e-05,2.69288075013422e-09,0,0,0,0.280174257412071,1.28979263929021e-08,0,0,0,0.000933055709250603,2.68581680372851e-06,0,0,0,0.000933055709250603,2.68581680372851e-06,0,0,0,0,0,0,0,0,0,0,0,0,0,0,0,0,0,0,0.00124008962558676,3.71924945549102e-06,0,0,0,0.0243009447677572,6.02325750376621e-05,0,0,0,0.00388815116284116,9.63721200602593e-06,0,0,0,0.000169208432324038,1.3433824826629e-12,0,0,0,0.000169127348658519,1.34297063383489e-12,0,0
23,0,0.764378906934866,1.05217128846413e-05,0,0,0,0.764378906934866,1.05217128846413e-05,0,0,0,0,0,0,0,0,7.03391366952137e-05,1.37125128492792e-09,0,0,0,0.294327458473027,7.05905030529515e-09,0,0,0,0.000979147550511196,1.36398543313575e-06,0,0,0,0.000979147550511196,1.36398543313575e-06,0,0,0,0,0,0,0,0,0,0,0,0,0,0,0,0,0,0,0.00123799256222172,1.89389210590009e-06,0,0,0,0.0255470089585836,3.16951773913106e-05,0,0,0,0.00408752143337338,5.0712283826097e-06,0,0,0,0.000177756116133436,7.35234814922522e-13,0,0,0,0.000177670936469122,7.35009409573903e-13,0,0
24,0,0.775729719662242,5.4873725995053e-06,0,0,0,0.775729719662242,5.4873725995053e-06,0,0,0,0,0,0,0,0,7.02201891420298e-05,6.98259693201324e-10,0,0,0,0.298698138814075,3.68149555576157e-09,0,0,0,0.000989399191609529,6.92831710292409e-07,0,0,0,0.000989399191609529,6.92831710292409e-07,0,0,0,0,0,0,0,0,0,0,0,0,0,0,0,0,0,0,0.00123589904511225,9.64395465191285e-07,0,0,0,0.0258231877499975,1.63072293819552e-05,0,0,0,0.0041317100399996,2.60915670111284e-06,0,0,0,0.000180395744682931,3.83445872534446e-13,0,0,0,0.000180309300124453,3.83328317232628e-13,0,0
25,0,0.733905954370644,2.59859037471044e-06,0,0,0,0.733905954370644,2.59859037471044e-06,0,0,0,0,0,0,0,0,7.0101442736046e-05,3.55563276044795e-10,0,0,0,0.28259371412317,1.74340246488889e-09,0,0,0,0.000938511909145367,3.54024832439063e-07,0,0,0,0.000938511909145367,3.54024832439063e-07,0,0,0,0,0,0,0,0,0,0,0,0,0,0,0,0,0,0,0.00123380906826145,4.91083209219827e-07,0,0,0,0.0243479409128762,8.03261043582218e-06,0,0,0,0.00389567054606019,1.28521766973155e-06,0,0,0,0.000170669638935033,1.81583943047769e-13,0,0,0,0.000170587855068073,1.81528273768845e-13,0,0
26,0,0.812873802360168,1.50871009419106e-06,0,0,0,0.812873802360168,1.50871009419106e-06,0,0,0,0,0,0,0,0,6.99828971371109e-05,1.81057627273434e-10,0,0,0,0.313000631149495,1.01219835285064e-09,0,0,0,0.00103725842419598,1.80763025952281e-07,0,0,0,0.00103725842419598,1.80763025952281e-07,0,0,0,0,0,0,0,0,0,0,0,0,0,0,0,0,0,0,0.00123172262568252,2.50066209435992e-07,0,0,0,0.0270049262919676,4.36655523845371e-06,0,0,0,0.00432078820671481,6.98648838152594e-07,0,0,0,0.000189033591459994,1.05425437762468e-13,0,0,0,0.000188943007697168,1.0539311685346e-13,0,0
27,0,1.34490937866982,0.10372640292991,0,0,0,1.34490937866982,0.10372640292991,0,0,0,0,0,0,0,0,0.000142086396446763,1.43186997011791e-05,0,0,0,0.517863268738989,6.9590370341541e-05,0,0,0,0.00206593646014724,0.218284373406429,0,0,0,0.00206593646014724,0.218284373406429,0,0,0,0,0,0,0,0,0,0,0,0,0,0,0,0,0,0,0.00785250902572092,1.80462177642412,0,0,0,0.0541857184221256,5.76270714243739,0,0,0,0.0086697149475401,0.922033142789982,0,0,0,0.000312758326446273,7.24817940737333e-09,0,0,0,0.00031260845453279,7.24595728952333e-09,0,0
28,0,1.64921451286295,0.0989280359643733,0,0,0,1.64921451286295,0.0989280359643733,0,0,0,0,0,0,0,0,0.000141985767661263,1.18399346451487e-05,0,0,0,0.635037298444379,6.63711308351641e-05,0,0,0,0.0021108879902889,0.0122168436488229,0,0,0,0.0021108879902889,0.0122168436488229,0,0,0,0,0,0,0,0,0,0,0,0,0,0,0,0,0,0,0.00249900195393654,0.0194741611606007,0,0,0,0.0552864039675774,0.295344161647717,0,0,0,0.00884582463481238,0.0472550658636347,0,0,0,0.00038352440630913,6.91287977636109e-09,0,0,0,0.000383340623714773,6.91076045333077e-09,0,0
29,0,1.61552656407933,0.0489369475000106,0,0,0,1.61552656407933,0.0489369475000106,0,0,0,0,0,0,0,0,0.000141745661666392,6.03982750577522e-06,0,0,0,0.622065605666495,3.28319521714396e-05,0,0,0,0.00206632056993497,0.00603176876597957,0,0,0,0.00206632056993497,0.00603176876597957,0,0,0,0,0,0,0,0,0,0,0,0,0,0,0,0,0,0,0.00249477151860082,0.0083419763922064,0,0,0,0.053878448260299,0.143664059908101,0,0,0,0.00862055172164785,0.0229862495852961,0,0,0,0.000375690282575533,3.41960932906317e-09,0,0,0,0.000375510254046265,3.4185609589135e-09,0,0
30,0,1.4948477783934,0.0226670658016673,0,0,0,1.4948477783934,0.0226670658016673,0,0,0,0,0,0,0,0,0.000141505961544642,3.07556223592222e-06,0,0,0,0.575597708710807,1.52074058208689e-05,0,0,0,0.00191279650571073,0.00307212016505577,0,0,0,0.00191279650571073,0.00307212016505577,0,0,0,0,0,0,0,0,0,0,0,0,0,0,0,0,0,0,0.00249055271550154,0.00424778675516319,0,0,0,0.0498049545418187,0.0698812382725978,0,0,0,0.00796879272669099,0.0111809981236157,0,0,0,0.000347626462330611,1.58392612612083e-09,0,0,0,0.000347459881815621,1.58344053238479e-09,0,0
31,0,1.48295002064371,0.0114355093614472,0,0,0,1.48295002064371,0.0114355093614472,0,0,0,0,0,0,0,0,0.000141266666769677,1.56611787124871e-06,0,0,0,0.571016424784442,7.67211923896567e-06,0,0,0,0.00190081120553185,0.00155663030913833,0,0,0,0.00190081120553185,0.00155663030913833,0,0,0,0,0,0,0,0,0,0,0,0,0,0,0,0,0,0,0.00248634104664259,0.00216303044224523,0,0,0,0.049880767397408,0.0353424932992385,0,0,0,0.00798092278358528,0.00565479892787817,0,0,0,0.000344859641858338,7.99088960237774e-10,0,0,0,0.000344694387187118,7.988439787407e-10,0,0
32,0,1.64074897982195,1.10989636122546,0,0,0,1.64074897982195,1.10989636122546,0,0,0,0,0,0,0,0,0.000141027776656034,0.000191728061761084,0,0,0,0.631777607730815,0.000744632963611009,0,0,0,0.00209910631317202,2.07406928414816,0,0,0,0.00209910631317202,2.07406928414816,0,0,0,0,0,0,0,0,0,0,0,0,0,0,0,0,0,0,0.00248213649995956,16.5870698812963,0,0,0,0.0549536253261631,54.7537062305152,0,0,0,0.00879258005218609,8.76059299688244,0,0,0,0.000381555748800771,7.75571862372297e-08,0,0,0,0.00038137290957528,7.75334090653019e-08,0,0
33,0,1.60066823341217,1.4154276874448,0,0,0,1.60066823341217,1.4154276874448,0,0,0,0,0,0,0,0,0.000140789290519405,0.000172207181629692,0,0,0,0.616344340123006,0.000949614892434984,0,0,0,0.00204072995648815,0.190221321675927,0,0,0,0.00204072995648815,0.190221321675927,0,0,0,0,0,0,0,0,0,0,0,0,0,0,0,0,0,0,0.00247793906340844,0.393151380189753,0,0,0,0.0531757783569979,4.57876274884298,0,0,0,0.00850812453711967,0.732602039814878,0,0,0,0.000372234981640803,9.89070624930069e-08,0,0,0,0.000372056608871011,9.8876739961416e-08,0,0
34,0,1.43151363005403,0.621229629588423,0,0,0,1.43151363005403,0.621229629588423,0,0,0,0,0,0,0,0,0.000140551207676644,8.82262106062363e-05,0,0,0,0.551210616463546,0.000416784914631708,0,0,0,0.00183634150634532,0.0877640541674864,0,0,0,0.00183634150634532,0.0877640541674864,0,0,0,0,0,0,0,0,0,0,0,0,0,0,0,0,0,0,0.00247374872496558,0.121858842259292,0,0,0,0.0478040040526232,1.95807207434223,0,0,0,0.00764864064841972,0.313291531894758,0,0,0,0.000332898122595845,4.34101991512767e-08,0,0,0,0.000332738599812886,4.33968906260617e-08,0,0
35,0,1.63112601275333,0.375818878668099,0,0,0,1.63112601275333,0.375818878668099,0,0,0,0,0,0,0,0,0.000140313527445756,4.49259997956422e-05,0,0,0,0.628072241956617,0.000252138069084763,0,0,0,0.00208682487670268,0.0446580351052712,0,0,0,0.00208682487670268,0.0446580351052712,0,0,0,0,0,0,0,0,0,0,0,0,0,0,0,0,0,0,0.00246956547262768,0.062049164592432,0,0,0,0.0547222281806034,1.08347810680981,0,0,0,0.00875555650889654,0.173356497089569,0,0,0,0.000379317930310127,2.62614202394052e-08,0,0,0,0.00037913616343383,2.62533691182339e-08,0,0
36,0,1.51558073269688,0.174473742917416,0,0,0,1.51558073269688,0.174473742917416,0,0,0,0,0,0,0,0,0.000140076249145901,2.2876926483098e-05,0,0,0,0.583581023911446,0.000117054983509861,0,0,0,0.00194140006892854,0.022705913893993,0,0,0,0.00194140006892854,0.022705913893993,0,0,0,0,0,0,0,0,0,0,0,0,0,0,0,0,0,0,0.00246538929441171,0.0315962733817044,0,0,0,0.0506879505863201,0.526636082947146,0,0,0,0.00811007209381121,0.0842617732715434,0,0,0,0.00035244790546506,1.21918523617934e-08,0,0,0,0.000352279014543449,1.21881146324638e-08,0,0
37,0,1.69579753979247,0.102155914280135,0,0,0,1.69579753979247,0.102155914280135,0,0,0,0,0,0,0,0,0.000139839372097391,1.16492402545438e-05,0,0,0,0.652974297751599,6.85367245612193e-05,0,0,0,0.00216929432029538,0.0116449668383048,0,0,0,0.00216929432029538,0.0116449668383048,0,0,0,0,0,0,0,0,0,0,0,0,0,0,0,0,0,0,0.00246122017835493,0.0160892495783322,0,0,0,0.0568884444900671,0.288582312902122,0,0,0,0.00910215111841074,0.0461731700643394,0,0,0,0.000394357277113917,7.13843701614718e-09,0,0,0,0.000394168303472868,7.13624854268052e-09,0,0
38,0,1.65326169841859,0.0505337613646229,0,0,0,1.65326169841859,0.0505337613646229,0,0,0,0,0,0,0,0,0.000139602895621687,5.93195063193237e-06,0,0,0,0.636595685034787,3.39032596212889e-05,0,0,0,0.00211572167036023,0.00592941653235518,0,0,0,0.00211572167036023,0.00592941653235518,0,0,0,0,0,0,0,0,0,0,0,0,0,0,0,0,0,0,0.00245705811251481,0.00819286340723198,0,0,0,0.0551690841434693,0.144763481577679,0,0,0,0.00882705346295509,0.0231621570524286,0,0,0,0.000384465578258164,3.53119127005376e-09,0,0,0,0.000384281344659857,3.53010869155895e-09,0,0
39,0,1.44455098129195,0.0218962058592515,0,0,0,1.44455098129195,0.0218962058592515,0,0,0,0,0,0,0,0,0.000139366819041397,3.02062946001631e-06,0,0,0,0.55623070587243,1.46902334582022e-05,0,0,0,0.00185202939627728,0.00300200344479971,0,0,0,0.00185202939627728,0.00300200344479971,0,0,0,0,0,0,0,0,0,0,0,0,0,0,0,0,0,0,0.00245290308496904,0.00417191681207786,0,0,0,0.0484098961150438,0.0679234391108742,0,0,0,0.007745583378407,0.0108677502577399,0,0,0,0.000335929955237609,1.53006008042018e-09,0,0,0,0.000335768979618639,1.52959100072096e-09,0,0
40,0,1.46713139715261,0.0113336360839506,0,0,0,1.46713139715261,0.0113336360839506,0,0,0,0,0,0,0,0,0.000139131141680274,1.53814535906651e-06,0,0,0,0.56492539426746,7.60377213631247e-06,0,0,0,0.00187129226591994,0.00152706198232762,0,0,0,0.00187129226591994,0.00152706198232762,0,0,0,0,0,0,0,0,0,0,0,0,0,0,0,0,0,0,0.00244875508381545,0.00212439644380429,0,0,0,0.0487135542689863,0.0348314486569538,0,0,0,0.00779416868303781,0.00557303178511261,0,0,0,0.000341181025076995,7.91970273276156e-10,0,0,0,0.000341017533176865,7.91727474197656e-10,0,0
41,0,1.72777510207527,0.00709290676183254,0,0,0,1.72777510207527,0.00709290676183254,0,0,0,0,0,0,0,0,0.000138895862863215,7.83244412111729e-07,0,0,0,0.665287398688149,4.75865348080643e-06,0,0,0,0.00220380764106484,0.000780799878016136,0,0,0,0.00220380764106484,0.000780799878016136,0,0,0,0,0,0,0,0,0,0,0,0,0,0,0,0,0,0,0.002444614097172,0.00108177139040328,0,0,0,0.0576885102216018,0.0197027044457201,0,0,0,0.00923016163545629,0.00315243271131522,0,0,0,0.000401793650911304,4.95637169296932e-10,0,0,0,0.000401601113804549,4.95485218836117e-10,0,0
42,0,1.46348032792421,0.00293445049465906,0,0,0,1.46348032792421,0.00293445049465906,0,0,0,0,0,0,0,0,0.00013866098191626,3.988386438825e-07,0,0,0,0.563519534010255,1.96873207692577e-06,0,0,0,0.00187008812264142,0.000397391509417201,0,0,0,0.00187008812264142,0.000397391509417201,0,0,0,0,0,0,0,0,0,0,0,0,0,0,0,0,0,0,0.00244048011317675,0.000550852617225931,0,0,0,0.0489919892479569,0.00904405026493067,0,0,0,0.00783871827967311,0.00144704804238891,0,0,0,0.000340331969876901,2.05053130606644e-10,0,0,0,0.000340168884838927,2.04990266238075e-10,0,0
43,0,1.58424912937013,0.00165243346277432,0,0,0,1.58424912937013,0.00165243346277432,0,0,0,0,0,0,0,0,0.000138426498166588,2.030940296467e-07,0,0,0,0.610022091930054,1.1086228133923e-06,0,0,0,0.00202700470362281,0.000203359700638965,0,0,0,0.00202700470362281,0.000203359700638965,0,0,0,0,0,0,0,0,0,0,0,0,0,0,0,0,0,0,0.00243635311998782,0.000280501600057602,0,0,0,0.052873087001821,0.00484734275986301,0,0,0,0.00845969392029136,0.000775574841578082,0,0,0,0.000368416723263412,1.15468519669275e-10,0,0,0,0.000368240180180124,1.15433119792389e-10,0,0
44,0,1.66797674359719,0.000903142636254517,0,0,0,1.66797674359719,0.000903142636254517,0,0,0,0,0,0,0,0,0.000138192410942514,1.03418225667938e-07,0,0,0,0.642261777870997,6.05921238497554e-07,0,0,0,0.00213495946218408,0.000103866582169271,0,0,0,0.00213495946218408,0.000103866582169271,0,0,0,0,0,0,0,0,0,0,0,0,0,0,0,0,0,0,0.00243223310578335,0.000142835207048865,0,0,0,0.0557680465782106,0.00256208469484737,0,0,0,0.0089228874525137,0.000409933551175579,0,0,0,0.000387887558189774,6.31096777012907e-11,0,0,0,0.000387701684799215,6.30903297887397e-11,0,0
45,0,1.44563289693364,0.000386415576136441,0,0,0,1.44563289693364,0.000386415576136441,0,0,0,0,0,0,0,0,0.000137958719573491,5.26619586942559e-08,0,0,0,0.556647302246572,2.59247426783376e-07,0,0,0,0.00184804215341342,5.22036810359229e-05,0,0,0,0.00184804215341342,5.22036810359229e-05,0,0,0,0,0,0,0,0,0,0,0,0,0,0,0,0,0,0,0.00242812005876147,7.27336185194755e-05,0,0,0,0.0478987864143336,0.00118915178420207,0,0,0,0.00766380582629337,0.000190264285472331,0,0,0,0.000336181554438876,2.70018948168192e-11,0,0,0,0.000336020458255078,2.69936166839139e-11,0,0
46,0,1.61014410963904,0.00022410225909073,0,0,0,1.61014410963904,0.00022410225909073,0,0,0,0,0,0,0,0,0.000137725423390105,2.68161813413833e-08,0,0,0,0.619993067921951,1.50350911281845e-07,0,0,0,0.0020606507956182,2.67656780395002e-05,0,0,0,0.0020606507956182,2.67656780395002e-05,0,0,0,0,0,0,0,0,0,0,0,0,0,0,0,0,0,0,0.00242401396714027,3.70369418873513e-05,0,0,0,0.0537386561792207,0.000647624725649757,0,0,0,0.00859818498867532,0.000103619956103961,0,0,0,0.000374438594194431,1.56597870320911e-11,0,0,0,0.000374259165466724,1.5654986117222e-11,0,0
47,0,1.43812109175172,9.92292897323484e-05,0,0,0,1.43812109175172,9.92292897323484e-05,0,0,0,0,0,0,0,0,0.000137492521724074,1.36551620859554e-08,0,0,0,0.553754848637923,6.65732429366928e-08,0,0,0,0.00183565759034937,1.36011135599093e-05,0,0,0,0.00183565759034937,1.36011135599093e-05,0,0,0,0,0,0,0,0,0,0,0,0,0,0,0,0,0,0,0.00241991481915777,1.88597115376534e-05,0,0,0,0.0480603563001117,0.000307775087113168,0,0,0,0.00768965700801788,4.92440139381069e-05,0,0,0,0.000334434686096258,6.93393074598651e-12,0,0,0,0.000334274427001289,6.93180496923412e-12,0,0
48,0,2.13198446396923,0.103514674950909,0,0,0,2.13198446396923,0.103514674950909,0,0,0,0,0,0,0,0,0.000209429598324894,1.43231996988524e-05,0,0,0,0.820929990468083,6.94483213737359e-05,0,0,0,0.00308276523767301,0.215282415142109,0,0,0,0.00308276523767301,0.215282415142109,0,0,0,0,0,0,0,0,0,0,0,0,0,0,0,0,0,0,0.00903793930553408,1.80462913384319,0,0,0,0.0807057472906922,5.68343706819988,0,0,0,0.0129129195665108,0.909349930911982,0,0,0,0.000495792432959287,7.23338430859414e-09,0,0,0,0.000495554852200167,7.23116672656635e-09,0,0
49,0,2.5198884795238,0.103020822659963,0,0,0,2.5198884795238,0.103020822659963,0,0,0,0,0,0,0,0,0.000209267259935209,1.18434284589928e-05,0,0,0,0.970294136958571,6.91169943166879e-05,0,0,0,0.00321839859894312,0.0122071496588327,0,0,0,0.00321839859894312,0.0122071496588327,0,0,0,0,0,0,0,0,0,0,0,0,0,0,0,0,0,0,0.0036831789416531,0.0194789866120199,0,0,0,0.0838922567136865,0.301107026771098,0,0,0,0.0134227610741898,0.0481771242833757,0,0,0,0.000585999410954063,7.19887496570352e-09,0,0,0,0.00058571860355233,7.19666796341203e-09,0,0
50,0,2.44044620551363,0.050676135562368,0,0,0,2.44044620551363,0.050676135562368,0,0,0,0,0,0,0,0,0.000208913377040924,6.04160660302e-06,0,0,0,0.939704540107327,3.39987789188669e-05,0,0,0,0.00310607358797637,0.00600443029039261,0,0,0,0.00310607358797637,0.00600443029039261,0,0,0,0,0,0,0,0,0,0,0,0,0,0,0,0,0,0,0.00367694599446063,0.00834443357730775,0,0,0,0.0809793718910876,0.145862780163126,0,0,0,0.012956699502574,0.0233380448261002,0,0,0,0.000567525130781312,3.54114007478513e-09,0,0,0,0.000567253176143792,3.54005444622556e-09,0,0
51,0,2.42052355845478,0.0256365055598403,0,0,0,2.42052355845478,0.0256365055598403,0,0,0,0,0,0,0,0,0.000208560092423086,3.07646817629213e-06,0,0,0,0.9320332372735,1.71996123048611e-05,0,0,0,0.00308230406248689,0.00306905093287213,0,0,0,0.00308230406248689,0.00306905093287213,0,0,0,0,0,0,0,0,0,0,0,0,0,0,0,0,0,0,0.00367072806586811,0.00424903798703722,0,0,0,0.0802302505118321,0.0741661896446938,0,0,0,0.0128368400818931,0.011866590343151,0,0,0,0.000562892124385989,1.79142423170123e-09,0,0,0,0.000562622389857336,1.79087502402597e-09,0,0
52,0,2.3355647654468,0.012498652398035,0,0,0,2.3355647654468,0.012498652398035,0,0,0,0,0,0,0,0,0.000208207405229995,1.56657918833312e-06,0,0,0,0.899319480530464,8.38538524985942e-06,0,0,0,0.00298984311911163,0.00157002058633363,0,0,0,0.00298984311911163,0.00157002058633363,0,0,0,0,0,0,0,0,0,0,0,0,0,0,0,0,0,0,0.00366452065215289,0.00216366758643178,0,0,0,0.0778340696525178,0.037045390146222,0,0,0,0.0124534511444029,0.00592726242339551,0,0,0,0.000543134979154128,8.73379124045875e-10,0,0,0,0.000542874712130928,8.73111366967541e-10,0,0
53,0,2.25874810750783,0.00608612202190363,0,0,0,2.25874810750783,0.00608612202190363,0,0,0,0,0,0,0,0,0.000207855314451369,7.97723302391334e-07,0,0,0,0.869740888690155,4.0831984286033e-06,0,0,0,0.00289444722234895,0.000795033802399353,0,0,0,0.00289444722234895,0.000795033802399353,0,0,0,0,0,0,0,0,0,0,0,0,0,0,0,0,0,0,0.00365832373553371,0.00110176878716356,0,0,0,0.075321186394279,0.0184050892829337,0,0,0,0.0120513898230846,0.00294481428526939,0,0,0,0.000525271285316296,4.25285202840123e-10,0,0,0,0.000525019578468,4.25154820603777e-10,0,0
54,0,2.2686931929368,0.00312728099323412,0,0,0,2.2686931929368,0.00312728099323412,0,0,0,0,0,0,0,0,0.000207503819078638,4.06211490563233e-07,0,0,0,0.873570287555101,2.09810266560849e-06,0,0,0,0.00290798630417083,0.000405622517169042,0,0,0,0.00290798630417083,0.000405622517169042,0,0,0,0,0,0,0,0,0,0,0,0,0,0,0,0,0,0,0.00365213729825936,0.000561035562015213,0,0,0,0.0756855403423022,0.00942253919606733,0,0,0,0.0121096864547683,0.00150760627137077,0,0,0,0.000527584012347916,2.18527713831416e-10,0,0,0,0.000527331197254703,2.1846071847902e-10,0,0
55,0,2.24724675698174,0.00159372656547349,0,0,0,2.24724675698174,0.00159372656547349,0,0,0,0,0,0,0,0,0.000207152918104935,2.06848382855259e-07,0,0,0,0.86531224310792,1.06923617113567e-06,0,0,0,0.00287366976441518,0.000205456701450385,0,0,0,0.00287366976441518,0.000205456701450385,0,0,0,0,0,0,0,0,0,0,0,0,0,0,0,0,0,0,0.00364596132260868,0.000285686893214738,0,0,0,0.0749671817425451,0.00478701032746285,0,0,0,0.0119947490788072,0.000765921652394056,0,0,0,0.000522596649240838,1.11366207123315e-10,0,0,0,0.000522346224062102,1.11332064917e-10,0,0
56,0,2.37267019346137,0.000859765687179771,0,0,0,2.37267019346137,0.000859765687179771,0,0,0,0,0,0,0,0,0.000206802610525099,1.05329993079262e-07,0,0,0,0.913607088710123,5.76819506777063e-07,0,0,0,0.00303707213564262,0.000105018894960756,0,0,0,0.00303707213564262,0.000105018894960756,0,0,0,0,0,0,0,0,0,0,0,0,0,0,0,0,0,0,0.00363979579089044,0.000145475628427806,0,0,0,0.0793781561170222,0.00251271973644861,0,0,0,0.0127005049787236,0.000402035157831778,0,0,0,0.000551763836794624,6.00785891822884e-11,0,0,0,0.000551499434874615,6.00601705287313e-11,0,0
57,0,2.34521624335125,0.00043457706139825,0,0,0,2.34521624335125,0.00043457706139825,0,0,0,0,0,0,0,0,0.000206452895335664,5.36354565066379e-08,0,0,0,0.903035824527338,2.91559118897415e-07,0,0,0,0.00298541660549229,5.33756680027588e-05,0,0,0,0.00298541660549229,5.33756680027588e-05,0,0,0,0,0,0,0,0,0,0,0,0,0,0,0,0,0,0,0.00363364068544336,7.40781567833564e-05,0,0,0,0.0778962455137064,0.00127349603038441,0,0,0,0.012463399282193,0.000203759364861505,0,0,0,0.000545379427832234,3.03673165015859e-11,0,0,0,0.000545118085282694,3.03580066111621e-11,0,0
58,0,2.24556199352696,0.000208550338978046,0,0,0,2.24556199352696,0.000208550338978046,0,0,0,0,0,0,0,0,0.000206103771534866,2.73118995888379e-08,0,0,0,0.864663517533109,1.39917079108035e-07,0,0,0,0.00287626354091626,2.70904741784821e-05,0,0,0,0.00287626354091626,2.70904741784821e-05,0,0,0,0,0,0,0,0,0,0,0,0,0,0,0,0,0,0,0.00362749598863601,3.77215989490614e-05,0,0,0,0.0752886422503437,0.000628923942421156,0,0,0,0.012046182760055,0.000100627830787385,0,0,0,0.000522204857937326,1.45730520839793e-11,0,0,0,0.000521954620502631,1.45685843359636e-11,0,0
59,0,2.19310446379032,0.000104766645631474,0,0,0,2.19310446379032,0.000104766645631474,0,0,0,0,0,0,0,0,0.000205755238122631,1.39075885195249e-08,0,0,0,0.844464515094551,7.02882724455578e-08,0,0,0,0.00280511640941771,1.37909970201066e-05,0,0,0,0.00280511640941771,1.37909970201066e-05,0,0,0,0,0,0,0,0,0,0,0,0,0,0,0,0,0,0,0.00362136168286677,1.92083481698393e-05,0,0,0,0.0732532572305035,0.000318111014930504,0,0,0,0.0117205211568806,5.08977623888807e-05,0,0,0,0.000510005873031617,7.32086934470044e-12,0,0,0,0.000509761481277296,7.31862494186022e-12,0,0
60,0,2.33336966388658,0.466381241107568,0,0,0,2.33336966388658,0.466381241107568,0,0,0,0,0,0,0,0,0.000205407294100578,0.000190030222699272,0,0,0,0.89847424702461,0.000312896643210062,0,0,0,0.00297496517463801,1.73245994324921,0,0,0,0.00297496517463801,1.73245994324921,0,0,0,0,0,0,0,0,0,0,0,0,0,0,0,0,0,0,0.0036152377505638,16.5860224661794,0,0,0,0.0776664962975028,45.7369253556025,0,0,0,0.0124266394076005,7.31790805689641,0,0,0,0.000542624508856841,3.25897246245519e-08,0,0,0,0.000542364486447944,3.25797333971354e-08,0,0
61,0,2.55857987023652,1.83885441461294,0,0,0,2.55857987023652,1.83885441461294,0,0,0,0,0,0,0,0,0.000205059938472014,0.000191250940090577,0,0,0,0.985192427047351,0.00123369321698701,0,0,0,0.00327095250838484,0.440180782047072,0,0,0,0.00327095250838484,0.440180782047072,0,0,0,0,0,0,0,0,0,0,0,0,0,0,0,0,0,0,0.00360912417418496,2.23754913651555,0,0,0,0.0856971184803987,11.106221663893,0,0,0,0.0137115389568638,1.77699546622288,0,0,0,0.000594997083807796,1.28495217463207e-07,0,0,0,0.000594711964775218,1.28455823913418e-07,0,0
62,0,2.35258510449425,0.853865143287107,0,0,0,2.35258510449425,0.853865143287107,0,0,0,0,0,0,0,0,0.000204713170241932,0.000104197968278788,0,0,0,0.905873236905395,0.000572860813299719,0,0,0,0.00301035876995461,0.103556850890759,0,0,0,0.00301035876995461,0.103556850890759,0,0,0,0,0,0,0,0,0,0,0,0,0,0,0,0,0,0,0.00360302093621779,0.143987849105643,0,0,0,0.0788880882312009,2.48683114930057,0,0,0,0.0126220941169921,0.397892983888092,0,0,0,0.000547093054575757,5.96662717825998e-08,0,0,0,0.000546830890866562,5.96479795356618e-08,0,0
63,0,2.34279186801907,0.432822661782955,0,0,0,2.34279186801907,0.432822661782955,0,0,0,0,0,0,0,0,0.000204366988417007,5.30592754460607e-05,0,0,0,0.902102308147661,0.000290382086671223,0,0,0,0.00300356359953821,0.0531713560827531,0,0,0,0.00300356359953821,0.0531713560827531,0,0,0,0,0,0,0,0,0,0,0,0,0,0,0,0,0,0,0.00359692801917943,0.073282372092748,0,0,0,0.0783193894153984,1.26854980064404,0,0,0,0.0125311023064637,0.202967968103047,0,0,0,0.000544815639978871,3.02447228050468e-08,0,0,0,0.000544554567593087,3.02354504989081e-08,0,0
64,0,2.47798630488756,0.237532328594614,0,0,0,2.47798630488756,0.237532328594614,0,0,0,0,0,0,0,0,0.000204021392005594,2.70185004130318e-05,0,0,0,0.954159520404808,0.000159361187200885,0,0,0,0.00316826253507686,0.0269513615665857,0,0,0,0.00316826253507686,0.0269513615665857,0,0,0,0,0,0,0,0,0,0,0,0,0,0,0,0,0,0,0.0035908454056166,0.0373163731608404,0,0,0,0.0826832439901641,0.669425715943509,0,0,0,0.0132293190384263,0.107108114550961,0,0,0,0.000576255071133448,1.65982515933603e-08,0,0,0,0.000575978933160892,1.65931629677798e-08,0,0
65,0,2.29929546536806,0.114822890898327,0,0,0,2.29929546536806,0.114822890898327,0,0,0,0,0,0,0,0,0.000275581780393033,1.68180208730468e-05,0,0,0,0.885353827088275,7.70350390604047e-05,0,0,0,0.00325656922784835,0.138414252519452,0,0,0,0.00325656922784835,0.138414252519452,0,0,0,0,0,0,0,0,0,0,0,0,0,0,0,0,0,0,0.0102028652977993,1.81485753632761,0,0,0,0.0850393755452707,3.61173002001486,0,0,0,0.0136063000872433,0.577876803202378,0,0,0,0.000534700562847786,8.02357827704385e-09,0,0,0,0.000534444337546273,8.02111844050999e-09,0,0
66,0,3.1102339320272,0.187195903696508,0,0,0,3.1102339320272,0.187195903696508,0,0,0,0,0,0,0,0,0.000275607970521159,2.05473119201021e-05,0,0,0,1.19760924871798,0.000125590321236359,0,0,0,0.00402735584442986,0.115976725427077,0,0,0,0.00402735584442986,0.115976725427077,0,0,0,0,0,0,0,0,0,0,0,0,0,0,0,0,0,0,0.00567966519240831,0.795939874044746,0,0,0,0.104838269473012,2.783988075035,0,0,0,0.016774123115682,0.4454380920056,0,0,0,0.00072328409249353,1.30808497739433e-08,0,0,0,0.000722937499096112,1.30768394993431e-08,0,0
67,0,3.18837592095253,0.101811544191815,0,0,0,3.18837592095253,0.101811544191815,0,0,0,0,0,0,0,0,0.00027517145008252,1.22726090085502e-05,0,0,0,1.227698165081,6.83056855846056e-05,0,0,0,0.00408346518576092,0.0122815728167128,0,0,0,0.00408346518576092,0.0122815728167128,0,0,0,0,0,0,0,0,0,0,0,0,0,0,0,0,0,0,0.00484311045819459,0.0169797447174913,0,0,0,0.106238029977638,0.295713098385344,0,0,0,0.0169980847964221,0.047314095741655,0,0,0,0.000741455991707769,7.11437317018152e-09,0,0,0,0.000741100690445278,7.1121920741125e-09,0,0
68,0,3.00339524097347,0.0478007691312017,0,0,0,3.00339524097347,0.0478007691312017,0,0,0,0,0,0,0,0,0.000274706119226459,6.24948035611756e-06,0,0,0,1.15647054104416,3.20696865261835e-05,0,0,0,0.00384972031754431,0.006239781540591,0,0,0,0.00384972031754431,0.006239781540591,0,0,0,0,0,0,0,0,0,0,0,0,0,0,0,0,0,0,0.00483492047780974,0.00863141803127672,0,0,0,0.100599566904014,0.144513919250187,0,0,0,0.0160959307046423,0.0231222270800299,0,0,0,0.000698438782658067,3.34021561229206e-09,0,0,0,0.000698104094984049,3.3391915823505e-09,0,0
69,0,3.0243721583193,0.0249267819075799,0,0,0,3.0243721583193,0.0249267819075799,0,0,0,0,0,0,0,0,0.000274241575271815,3.18231989239064e-06,0,0,0,1.16454779528676,1.67234564717669e-05,0,0,0,0.003857749152817,0.00315898904201175,0,0,0,0.003857749152817,0.00315898904201175,0,0,0,0,0,0,0,0,0,0,0,0,0,0,0,0,0,0,0.00482674434731263,0.00439523418424646,0,0,0,0.101125970779847,0.0742249856916335,0,0,0,0.0161801553247755,0.0118759977106614,0,0,0,0.000703316959334603,1.74183025932839e-09,0,0,0,0.000702979934067591,1.7412962559748e-09,0,0
70,0,3.26296819319141,0.0138742475686781,0,0,0,3.26296819319141,0.0138742475686781,0,0,0,0,0,0,0,0,0.000273777816887897,1.62048031323899e-06,0,0,0,1.25642024742866,9.30827638134672e-06,0,0,0,0.00417906476389874,0.00162417970035687,0,0,0,0.00417906476389874,0.00162417970035687,0,0,0,0,0,0,0,0,0,0,0,0,0,0,0,0,0,0,0.00481858204312563,0.00223811266887612,0,0,0,0.109462899562718,0.0397047979086914,0,0,0,0.0175140639300348,0.00635276766539063,0,0,0,0.000758802405229198,9.69502775373832e-10,0,0,0,0.000758438791669427,9.69205549090969e-10,0,0
71,0,2.77855465186194,0.00581959949539329,0,0,0,2.77855465186194,0.00581959949539329,0,0,0,0,0,0,0,0,0.000273314842746262,8.25170483920837e-07,0,0,0,1.06989468376397,3.90438762633581e-06,0,0,0,0.0035664872403939,0.000822526332020823,0,0,0,0.0035664872403939,0.000822526332020823,0,0,0,0,0,0,0,0,0,0,0,0,0,0,0,0,0,0,0.00481043354186765,0.00113967722961994,0,0,0,0.0930476018255197,0.0183480310144012,0,0,0,0.0148876162920832,0.00293568496230419,0,0,0,0.000646152162099833,4.06661178158975e-10,0,0,0,0.000645842529860668,4.06536505601619e-10,0,0
72,0,2.89786947671223,0.00311075053909085,0,0,0,2.89786947671223,0.00311075053909085,0,0,0,0,0,0,0,0,0.000272852651520709,4.20187966475917e-07,0,0,0,1.11583738160366,2.08701233187233e-06,0,0,0,0.00369193675436982,0.00041755187181298,0,0,0,0.00369193675436982,0.00041755187181298,0,0,0,0,0,0,0,0,0,0,0,0,0,0,0,0,0,0,0.00480229882019715,0.00058033905342505,0,0,0,0.0960946362025705,0.00954108319712474,0,0,0,0.0153751417924113,0.00152657331153996,0,0,0,0.000673898793606943,2.17372601016054e-10,0,0,0,0.000673575865348439,2.17305959793525e-10,0,0
73,0,3.29547040674771,0.00186773795797383,0,0,0,3.29547040674771,0.00186773795797383,0,0,0,0,0,0,0,0,0.000272391241887281,2.13965393347861e-07,0,0,0,1.26893536764454,1.25307127717694e-06,0,0,0,0.00421657659842033,0.000214106124755705,0,0,0,0.00421657659842033,0.000214106124755705,0,0,0,0,0,0,0,0,0,0,0,0,0,0,0,0,0,0,0.00479417785481204,0.000295516492018181,0,0,0,0.110031807274772,0.0052900154889733,0,0,0,0.0176050891639636,0.000846402478235727,0,0,0,0.000766360786543873,1.30513537758589e-10,0,0,0,0.000765993551053126,1.30473525440237e-10,0,0
74,0,3.0555713177247,0.00087662875786065,0,0,0,3.0555713177247,0.00087662875786065,0,0,0,0,0,0,0,0,0.000271930612524262,1.08954071042224e-07,0,0,0,1.17656116877336,5.88132993995654e-07,0,0,0,0.0039118000506254,0.000108459826090299,0,0,0,0.0039118000506254,0.000108459826090299,0,0,0,0,0,0,0,0,0,0,0,0,0,0,0,0,0,0,0.00478607062244964,0.000150480993032137,0,0,0,0.102393249034956,0.00257871242725876,0,0,0,0.0163829198455929,0.000412593988361402,0,0,0,0.00071057231574517,6.12569445306062e-11,0,0,0,0.000710231813754899,6.12381646215798e-11,0,0
75,0,3.10954615372735,0.000457070698263947,0,0,0,3.10954615372735,0.000457070698263947,0,0,0,0,0,0,0,0,0.000271470762112169,5.54808860018518e-08,0,0,0,1.19734441666001,3.06650170699044e-07,0,0,0,0.00397926634595838,5.51355614423108e-05,0,0,0,0.00397926634595838,5.51355614423108e-05,0,0,0,0,0,0,0,0,0,0,0,0,0,0,0,0,0,0,0.00477797709988662,7.66269561109461e-05,0,0,0,0.10364647966479,0.00132740664249722,0,0,0,0.0165834367463664,0.000212385062799555,0,0,0,0.000723124149828665,3.1939123784222e-11,0,0,0,0.000722777633074812,3.19293320154087e-11,0,0
76,0,3.1453181295263,0.000235130650233847,0,0,0,3.1453181295263,0.000235130650233847,0,0,0,0,0,0,0,0,0.000271011689333751,2.82516172374832e-08,0,0,0,1.21111857320194,1.57749893626191e-07,0,0,0,0.00403030021824953,2.82916472474422e-05,0,0,0,0.00403030021824953,2.82916472474422e-05,0,0,0,0,0,0,0,0,0,0,0,0,0,0,0,0,0,0,0.00476989726393892,3.90194820257127e-05,0,0,0,0.105671915057402,0.000682096811751828,0,0,0,0.0169075064091843,0.000109135489880293,0,0,0,0.000731442913503004,1.64304274411104e-11,0,0,0,0.000731092410447511,1.64253902663872e-11,0,0
77,0,3.21173053509039,0.00012267967557694,0,0,0,3.21173053509039,0.00012267967557694,0,0,0,0,0,0,0,0,0.000270553392873983,1.43861054509227e-08,0,0,0,1.23669096192619,8.23061806408944e-08,0,0,0,0.00411262691076931,1.44028083517372e-05,0,0,0,0.00411262691076931,1.44028083517372e-05,0,0,0,0,0,0,0,0,0,0,0,0,0,0,0,0,0,0,0.00476183109146167,1.98692477794695e-05,0,0,0,0.107723635389702,0.000351573187561001,0,0,0,0.0172357816623523,5.62517100097602e-05,0,0,0,0.00074688710115529,8.5725936030084e-12,0,0,0,0.000746529197337739,8.56996545155196e-12,0,0
78,0,3.06813667758927,5.89958601926909e-05,0,0,0,3.06813667758927,5.89958601926909e-05,0,0,0,0,0,0,0,0,0.000270095871420068,7.32559939154491e-09,0,0,0,1.18139951582897,3.95805083706732e-08,0,0,0,0.00392175440795291,7.3285924133215e-06,0,0,0,0.00392175440795291,7.3285924133215e-06,0,0,0,0,0,0,0,0,0,0,0,0,0,0,0,0,0,0,0.00475377855934916,1.01176895957204e-05,0,0,0,0.102483875041767,0.000173886308439994,0,0,0,0.0163974200066826,2.78218093503991e-05,0,0,0,0.00071349438691574,4.12250465542397e-12,0,0,0,0.000713152484686496,4.12124079443673e-12,0,0
79,0,3.11407877924285,3.0928167640788e-05,0,0,0,3.11407877924285,3.0928167640788e-05,0,0,0,0,0,0,0,0,0.000269639123661424,3.73029425012098e-09,0,0,0,1.19908972404106,2.07498050574649e-08,0,0,0,0.00399314551382133,3.74037912498684e-06,0,0,0,0.00399314551382133,3.74037912498684e-06,0,0,0,0,0,0,0,0,0,0,0,0,0,0,0,0,0,0,0.00474573964453474,5.1520643303244e-06,0,0,0,0.104241322391145,8.99413737377716e-05,0,0,0,0.0166786115825832,1.43906197980435e-05,0,0,0,0.000724178210714195,2.16119427136818e-12,0,0,0,0.00072383118886069,2.16053170107324e-12,0,0
80,0,3.3102160994589,1.69552634522993e-05,0,0,0,3.3102160994589,1.69552634522993e-05,0,0,0,0,0,0,0,0,0.000269183148289688,1.89951626464806e-09,0,0,0,1.2746132614479,1.13753396392353e-08,0,0,0,0.00423977895688339,1.90776360458568e-06,0,0,0,0.00423977895688339,1.90776360458568e-06,0,0,0,0,0,0,0,0,0,0,0,0,0,0,0,0,0,0,0.00473771432399076,2.62350081140299e-06,0,0,0,0.110573615002454,4.75921279659638e-05,0,0,0,0.0176917784003926,7.6147404745542e-06,0,0,0,0.000769789893551218,1.18479758219889e-12,0,0,0,0.000769421014852968,1.18443435169533e-12,0,0
81,0,2.9737123808842,7.56603923812026e-06,0,0,0,2.9737123808842,7.56603923812026e-06,0,0,0,0,0,0,0,0,0.000268727943998709,9.6725936286273e-10,0,0,0,1.14504102527518,5.07607954895728e-09,0,0,0,0.00380938505226312,9.64834701602374e-07,0,0,0,0.00380938505226312,9.64834701602374e-07,0,0,0,0,0,0,0,0,0,0,0,0,0,0,0,0,0,0,0.00472970257472854,1.33592208212951e-06,0,0,0,0.0990349613085366,2.25977497960666e-05,0,0,0,0.0158455938093659,3.61563996737065e-06,0,0,0,0.000691536041259354,5.28698655810692e-13,0,0,0,0.000691204661337599,5.28536569491589e-13,0,0
82,0,2.892472584687,3.74162750528878e-06,0,0,0,2.892472584687,3.74162750528878e-06,0,0,0,0,0,0,0,0,0.000268273509484545,4.92541544633185e-10,0,0,0,1.11375928460357,2.51026967501309e-09,0,0,0,0.00370546085528149,4.89792442098026e-07,0,0,0,0.00370546085528149,4.89792442098026e-07,0,0,0,0,0,0,0,0,0,0,0,0,0,0,0,0,0,0,0.00472170437379825,6.80269585495894e-07,0,0,0,0.096432438153786,1.13274002547229e-05,0,0,0,0.0154291901046058,1.81238404075566e-06,0,0,0,0.000672643747769215,2.61456935436402e-13,0,0,0,0.000672321420921147,2.61376779014964e-13,0,0
83,0,3.51148303624506,0.0711343666732107,0,0,0,3.51148303624506,0.0711343666732107,0,0,0,0,0,0,0,0,0.000339793844764218,1.4318782152587e-05,0,0,0,1.35211198026586,4.77242705904367e-05,0,0,0,0.00486486483017145,0.220800626415681,0,0,0,0.00486486483017145,0.220800626415681,0,0,0,0,0,0,0,0,0,0,0,0,0,0,0,0,0,0,0.0113327177066838,1.80462191123076,0,0,0,0.127700592489285,5.8291359870051,0,0,0,0.0204320947982856,0.932661757920816,0,0,0,0.000816594467388354,4.97071755226782e-09,0,0,0,0.000816203160219148,4.96919364956352e-09,0,0
84,0,3.69723161268534,0.104796708448562,0,0,0,3.69723161268534,0.104796708448562,0,0,0,0,0,0,0,0,0.000339631764632129,1.34758032814044e-05,0,0,0,1.42363528621092,7.03084416842049e-05,0,0,0,0.00472569332496326,0.0167181404850391,0,0,0,0.00472569332496326,0.0167181404850391,0,0,0,0,0,0,0,0,0,0,0,0,0,0,0,0,0,0,0.0059781098101927,0.0445767809343295,0,0,0,0.123458030059166,0.387577487093266,0,0,0,0.0197532848094666,0.0620123979349225,0,0,0,0.000859790250560526,7.32297007012418e-09,0,0,0,0.000859378244231199,7.32072502325196e-09,0,0
85,0,3.82903183621397,0.0556617130204545,0,0,0,3.82903183621397,0.0556617130204545,0,0,0,0,0,0,0,0,0.000339057444622163,6.95166814086381e-06,0,0,0,1.47438554169993,3.73436185341876e-05,0,0,0,0.00486684324409124,0.00690221079750718,0,0,0,0.00486684324409124,0.00690221079750718,0,0,0,0,0,0,0,0,0,0,0,0,0,0,0,0,0,0,0.00596752553883289,0.00960223371985082,0,0,0,0.127124853872105,0.16390161289795,0,0,0,0.0203399766195368,0.026224258063672,0,0,0,0.000890440358285127,3.88952157500919e-09,0,0,0,0.000890013664608079,3.88832914104281e-09,0,0
86,0,3.5147750108919,0.025500193536192,0,0,0,3.5147750108919,0.025500193536192,0,0,0,0,0,0,0,0,0.000338484078849971,3.5398868395018e-06,0,0,0,1.35337956957579,1.71081601389733e-05,0,0,0,0.0045065116353513,0.00352190690064329,0,0,0,0.0045065116353513,0.00352190690064329,0,0,0,0,0,0,0,0,0,0,0,0,0,0,0,0,0,0,0.00595743410759329,0.00488908478497138,0,0,0,0.117708657461875,0.0794119397780875,0,0,0,0.0188333851939001,0.012705910364494,0,0,0,0.00081736001523684,1.78189903874286e-09,0,0,0,0.000816968341221698,1.78135275126316e-09,0,0
87,0,3.91855698110147,0.0149981850656866,0,0,0,3.91855698110147,0.0149981850656866,0,0,0,0,0,0,0,0,0.0003379116826725,1.8025582370402e-06,0,0,0,1.50885759230875,1.00623295871675e-05,0,0,0,0.00499538789533992,0.00180010637213517,0,0,0,0.00499538789533992,0.00180010637213517,0,0,0,0,0,0,0,0,0,0,0,0,0,0,0,0,0,0,0.00594735974154835,0.00248958805222566,0,0,0,0.130141469247662,0.0434461861809206,0,0,0,0.0208226350796259,0.00695138978894729,0,0,0,0.000911259407459704,1.04804112617827e-09,0,0,0,0.000910822737419206,1.04771982192197e-09,0,0
88,0,3.65946124505507,0.696040741716138,0,0,0,3.65946124505507,0.696040741716138,0,0,0,0,0,0,0,0,0.000337340254450111,0.000191741774517906,0,0,0,1.40909164010903,0.000466975925324984,0,0,0,0.00468825365195963,1.94897259428454,0,0,0,0.00468825365195963,1.94897259428454,0,0,0,0,0,0,0,0,0,0,0,0,0,0,0,0,0,0,0.00593730241183975,16.5870916797394,0,0,0,0.122248187517634,51.4498920967343,0,0,0,0.0195597100028214,8.23198273547749,0,0,0,0.000851006761385226,4.86378398199037e-08,0,0,0,0.000850598964051211,4.86229286255231e-08,0,0
89,0,4.00098038588546,1.64854792878113,0,0,0,4.00098038588546,1.64854792878113,0,0,0,0,0,0,0,0,0.000336769792545934,0.000188167708927911,0,0,0,1.54059508667008,0.00110601599640141,0,0,0,0.00512085269920562,0.294970174997849,0,0,0,0.00512085269920562,0.294970174997849,0,0,0,0,0,0,0,0,0,0,0,0,0,0,0,0,0,0,0.00592726208965806,1.10557296956826,0,0,0,0.134163229227254,7.15333002787887,0,0,0,0.0214661166763606,1.14453280446062,0,0,0,0.000930426948819063,1.15197006855944e-07,0,0,0,0.00092998109380775,1.15161690218371e-07,0,0
90,0,3.78084291687558,0.786635905357977,0,0,0,3.78084291687558,0.786635905357977,0,0,0,0,0,0,0,0,0.000336200295325871,9.87360855182148e-05,0,0,0,1.45583018646086,0.000527756505880237,0,0,0,0.00484374873106772,0.0986084544433108,0,0,0,0.00484374873106772,0.0986084544433108,0,0,0,0,0,0,0,0,0,0,0,0,0,0,0,0,0,0,0.00591723874624258,0.136400952504457,0,0,0,0.125867769257706,2.32902782804855,0,0,0,0.0201388430812329,0.372644452487768,0,0,0,0.000879234037618055,5.49684362829866e-08,0,0,0,0.000878812713942632,5.49515842796647e-08,0,0
91,0,3.70136116946929,0.392400652320816,0,0,0,3.70136116946929,0.392400652320816,0,0,0,0,0,0,0,0,0.000335631761158583,5.02778615950799e-05,0,0,0,1.42522539020491,0.000263262833241406,0,0,0,0.00474180897503861,0.0501500289914781,0,0,0,0.00474180897503861,0.0501500289914781,0,0,0,0,0,0,0,0,0,0,0,0,0,0,0,0,0,0,0.00590723235288122,0.0694408442346201,0,0,0,0.124321293610321,1.17354782799802,0,0,0,0.0198914069776514,0.187767652479683,0,0,0,0.000860750577917294,2.74201191524348e-08,0,0,0,0.00086033811140486,2.74117128019855e-08,0,0
92,0,3.75851047311557,0.202375209281965,0,0,0,3.75851047311557,0.202375209281965,0,0,0,0,0,0,0,0,0.000335064188415494,2.56021668704833e-05,0,0,0,1.44723098081332,0.000135774165150557,0,0,0,0.0048221864047003,0.0256598388005242,0,0,0,0.0048221864047003,0.0256598388005242,0,0,0,0,0,0,0,0,0,0,0,0,0,0,0,0,0,0,0.00589724288091046,0.0353602160763405,0,0,0,0.126585397835845,0.60281596817147,0,0,0,0.0202536636537352,0.0964505549074353,0,0,0,0.000874040633626223,1.41415472150479e-08,0,0,0,0.000873621798598833,1.41372117560689e-08,0,0
93,0,3.83462586330923,0.107203928094408,0,0,0,3.83462586330923,0.107203928094408,0,0,0,0,0,0,0,0,0.000334497575470779,1.3036969504253e-05,0,0,0,1.47653954642539,7.19234529245062e-05,0,0,0,0.00491206818815483,0.0130351911065382,0,0,0,0.00491206818815483,0.0130351911065382,0,0,0,0,0,0,0,0,0,0,0,0,0,0,0,0,0,0,0.00588727030171525,0.0180059000858204,0,0,0,0.128352861179832,0.312603147780733,0,0,0,0.0205364577887732,0.0500165036449173,0,0,0,0.000891741247832153,7.49118143553548e-09,0,0,0,0.000891313930776639,7.4888848190957e-09,0,0
94,0,3.37579949037427,0.0463468871590424,0,0,0,3.37579949037427,0.0463468871590424,0,0,0,0,0,0,0,0,0.000333931920701363,6.63860112757758e-06,0,0,0,1.29986643443716,3.1094272533048e-05,0,0,0,0.00431508787945704,0.0066092902706616,0,0,0,0.00431508787945704,0.0066092902706616,0,0,0,0,0,0,0,0,0,0,0,0,0,0,0,0,0,0,0.00587731458672893,0.00916884775819884,0,0,0,0.112429454620404,0.146819522044019,0,0,0,0.0179887127392646,0.023491123527043,0,0,0,0.000785041294062419,3.23862144654742e-09,0,0,0,0.000784665106984552,3.23762856293882e-09,0,0
95,0,3.51531018576081,0.0247946701798708,0,0,0,3.51531018576081,0.0247946701798708,0,0,0,0,0,0,0,0,0.000333367222486918,3.38046544610673e-06,0,0,0,1.35358564101179,1.66348222976507e-05,0,0,0,0.00450496924453359,0.00335341069664673,0,0,0,0.00450496924453359,0.00335341069664673,0,0,0,0,0,0,0,0,0,0,0,0,0,0,0,0,0,0,0.00586737570743314,0.00466890123861295,0,0,0,0.117199794013694,0.0763546399787515,0,0,0,0.018751967042191,0.0122167423966002,0,0,0,0.000817484470013505,1.73259857407560e-09,0,0,0,0.000817092736360381,1.73206740093515e-09,0,0
96,0,3.26037775811846,0.0115568121210711,0,0,0,3.26037775811846,0.0115568121210711,0,0,0,0,0,0,0,0,0.000332803479209852,1.72137870806096e-06,0,0,0,1.25542278901577,7.75350164235799e-06,0,0,0,0.00415663761722083,0.00171114466432193,0,0,0,0.00415663761722083,0.00171114466432193,0,0,0,0,0,0,0,0,0,0,0,0,0,0,0,0,0,0,0.00585745363535776,0.00237746763287994,0,0,0,0.108435661396457,0.0373668205278911,0,0,0,0.0173497058234331,0.00597869128446258,0,0,0,0.000758200000226279,8.07565337896001e-10,0,0,0,0.000757836675335371,8.0731775774497e-10,0,0
97,0,3.82130566825618,0.00720529018651649,0,0,0,3.82130566825618,0.00720529018651649,0,0,0,0,0,0,0,0,0.000332240689255311,8.76549310680952e-07,0,0,0,1.47141054676206,4.83405187430216e-06,0,0,0,0.00489877823527115,0.000878199292802658,0,0,0,0.00489877823527115,0.000878199292802658,0,0,0,0,0,0,0,0,0,0,0,0,0,0,0,0,0,0,0.0058475483420808,0.00121063866132901,0,0,0,0.127830701057516,0.0210346569751849,0,0,0,0.0204529121692026,0.00336554511602958,0,0,0,0.000888643639934698,5.03490282887255e-10,0,0,0,0.000888217807234303,5.03335924850289e-10,0,0
98,0,3.87138278919031,0.00373034199625917,0,0,0,3.87138278919031,0.00373034199625917,0,0,0,0,0,0,0,0,0.000331678851011173,4.46350759688868e-07,0,0,0,1.49069296232647,2.50269819146908e-06,0,0,0,0.0049530248889576,0.000444845371492833,0,0,0,0.0049530248889576,0.000444845371492833,0,0,0,0,0,0,0,0,0,0,0,0,0,0,0,0,0,0,0.00583765979922834,0.000616473573829097,0,0,0,0.129842157790493,0.0107732665983044,0,0,0,0.020774745246479,0.0017237226557287,0,0,0,0.000900289061392088,2.60668328178852e-10,0,0,0,0.000899857648275604,2.60588413525472e-10,0,0
99,0,3.41321763237212,0.00162745118754129,0,0,0,3.41321763237212,0.00162745118754129,0,0,0,0,0,0,0,0,0.000331117962868039,2.27287841365202e-07,0,0,0,1.31427445451083,1.09186212627375e-06,0,0,0,0.00437629767731809,0.000225083316030761,0,0,0,0.00437629767731809,0.000225083316030761,0,0,0,0,0,0,0,0,0,0,0,0,0,0,0,0,0,0,0.00582778797847445,0.000313916678336062,0,0,0,0.114138599499287,0.0050717805076813,0,0,0,0.0182621759198859,0.000811484881229008,0,0,0,0.000793742873258448,1.13722811654935e-10,0,0,0,0.00079336251643604,1.13687946970229e-10,0,0
100,0,4.00545539168388,0.00101279094318522,0,0,0,4.00545539168388,0.00101279094318522,0,0,0,0,0,0,0,0,0.000330558023219233,1.15738041688239e-07,0,0,0,1.54231820732575,6.7948463288024e-07,0,0,0,0.0051120719445335,0.000115617566829623,0,0,0,0.0051120719445335,0.000115617566829623,0,0,0,0,0,0,0,0,0,0,0,0,0,0,0,0,0,0,0.0058179328515411,0.000159850616670316,0,0,0,0.133169581220247,0.00286254539744709,0,0,0,0.0213071329952396,0.000458007263591534,0,0,0,0.000931467610254361,7.07716671070689e-11,0,0,0,0.000931021256564332,7.07499702124539e-11,0,0
101,0,3.71738538570776,0.000472357401269034,0,0,0,3.71738538570776,0.000472357401269034,0,0,0,0,0,0,0,0,0.000329999030460797,5.89353755721001e-08,0,0,0,1.43139558511309,3.16906067880247e-07,0,0,0,0.00476595035152001,5.90039876759742e-05,0,0,0,0.00476595035152001,5.90039876759742e-05,0,0,0,0,0,0,0,0,0,0,0,0,0,0,0,0,0,0,0.00580809439019804,8.13980951420766e-05,0,0,0,0.124837640291749,0.00139627962955088,0,0,0,0.0199740224466798,0.000223404740728141,0,0,0,0.000864477005238601,3.30073259275372e-11,0,0,0,0.000864062753044553,3.29972066735836e-11,0,0
102,0,3.43337164996986,0.000217791411154085,0,0,0,3.43337164996986,0.000217791411154085,0,0,0,0,0,0,0,0,0.000329440982991485,3.00106900303415e-08,0,0,0,1.32203484758781,1.4611694352942e-07,0,0,0,0.00440714351469453,2.99794256839791e-05,0,0,0,0.00440714351469453,2.99794256839791e-05,0,0,0,0,0,0,0,0,0,0,0,0,0,0,0,0,0,0,0.00579827256626283,4.14490105247676e-05,0,0,0,0.114470011695639,0.00067696455115042,0,0,0,0.0183152018713023,0.000108314328184067,0,0,0,0.000798429684812452,1.52187984624946e-11,0,0,0,0.000798047082098068,1.52141327441372e-11,0,0
103,0,3.61443489253725,0.000117949748943955,0,0,0,3.61443489253725,0.000117949748943955,0,0,0,0,0,0,0,0,0.000328883879212757,1.52818490991954e-08,0,0,0,1.39175404512748,7.91328579691326e-08,0,0,0,0.00462590967731163,1.52787183921657e-05,0,0,0,0.00462590967731163,1.52787183921657e-05,0,0,0,0,0,0,0,0,0,0,0,0,0,0,0,0,0,0,0.00578846735160063,2.11063965377024e-05,0,0,0,0.120966569775024,0.000355181766854116,0,0,0,0.0193546511640039,5.68290826966586e-05,0,0,0,0.000840535894810275,8.24207643620027e-12,0,0,0,0.000840133115052697,8.23954961337477e-12,0,0
104,0,4.30221991702416,0.103436457105883,0,0,0,4.30221991702416,0.103436457105883,0,0,0,0,0,0,0,0,0.000400349143559321,1.43237429696722e-05,0,0,0,1.65658869244237,6.93958447752135e-05,0,0,0,0.00585980832913778,0.219371085524539,0,0,0,0.00585980832913778,0.219371085524539,0,0,0,0,0,0,0,0,0,0,0,0,0,0,0,0,0,0,0.012398661748441,1.80463002208167,0,0,0,0.15350626423182,5.79137732771281,0,0,0,0.0245610022770912,0.92662037243405,0,0,0,0.00100048012348841,7.22791861270959e-09,0,0,0,0.00100000069941612,7.22570270633298e-09,0,0
105,0,4.50228298992013,0.0949830651829807,0,0,0,4.50228298992013,0.0949830651829807,0,0,0,0,0,0,0,0,0.000400011857005021,1.18438502563467e-05,0,0,0,1.73362385817699,6.37244375159215e-05,0,0,0,0.00574827102380404,0.0122047072930465,0,0,0,0.00574827102380404,0.0122047072930465,0,0,0,0,0,0,0,0,0,0,0,0,0,0,0,0,0,0,0.00704034827228656,0.0194795691738652,0,0,0,0.150558488837842,0.28905866649023,0,0,0,0.0240893582140547,0.0462493866384367,0,0,0,0.00104700473909078,6.63721364726857e-09,0,0,0,0.00104650302070184,6.63517883685745e-09,0,0
106,0,4.46819707328216,0.0480587880478438,0,0,0,4.46819707328216,0.0480587880478438,0,0,0,0,0,0,0,0,0.000399335413951905,6.04182138793519e-06,0,0,0,1.72049892612725,3.22427922298141e-05,0,0,0,0.00572486516903636,0.00603623607163509,0,0,0,0.00572486516903636,0.00603623607163509,0,0,0,0,0,0,0,0,0,0,0,0,0,0,0,0,0,0,0.00702843815735697,0.00834473022567542,0,0,0,0.149842918452407,0.142454415891342,0,0,0,0.0239748669523851,0.0227927065426146,0,0,0,0.0010390780680361,3.35824542288504e-09,0,0,0,0.00103858014806036,3.35721586543628e-09,0,0
107,0,4.30961995961392,0.0234965618222212,0,0,0,4.30961995961392,0.0234965618222212,0,0,0,0,0,0,0,0,0.000398660114643142,3.07657754767478e-06,0,0,0,1.65943811137358,1.57639173129929e-05,0,0,0,0.00551406597937265,0.00306945358832282,0,0,0,0.00551406597937265,0.00306945358832282,0,0,0,0,0,0,0,0,0,0,0,0,0,0,0,0,0,0,0.00701655266144671,0.00424918904439664,0,0,0,0.143930892015257,0.0710622426444391,0,0,0,0.0230289427224411,0.0113699588231102,0,0,0,0.00100220100146927,1.64188953567567e-09,0,0,0,0.00100172075276257,1.64138617174938e-09,0,0
108,0,4.46440800834488,0.0124998544461303,0,0,0,4.46440800834488,0.0124998544461303,0,0,0,0,0,0,0,0,0.000397985957304613,1.56663488171983e-06,0,0,0,1.71903993001568,8.38619170771162e-06,0,0,0,0.00571499505821551,0.00155707256556069,0,0,0,0.00571499505821551,0.00155707256556069,0,0,0,0,0,0,0,0,0,0,0,0,0,0,0,0,0,0,0.00700468726459827,0.00216374450688144,0,0,0,0.149406641511718,0.0368953849902491,0,0,0,0.0239050626418748,0.00590326159843985,0,0,0,0.00103819692196977,8.73463120598394e-10,0,0,0,0.00103769942423394,8.73195337768734e-10,0,0
109,0,4.53587180392153,0.00649735074621082,0,0,0,4.53587180392153,0.00649735074621082,0,0,0,0,0,0,0,0,0.000397312940005182,7.97751662216805e-07,0,0,0,1.74655737867116,4.35909307462659e-06,0,0,0,0.0058196610159475,0.000800208922004353,0,0,0,0.0058196610159475,0.000800208922004353,0,0,0,0,0,0,0,0,0,0,0,0,0,0,0,0,0,0,0.00699284193282297,0.00110180795609647,0,0,0,0.152137691925056,0.0190684191937128,0,0,0,0.0243420307080089,0.00305094707099405,0,0,0,0.00105481580905654,4.54020987433539e-10,0,0,0,0.00105431034764974,4.53881795495296e-10,0,0
110,0,4.27651440832146,0.00308978018534772,0,0,0,4.27651440832146,0.00308978018534772,0,0,0,0,0,0,0,0,0.000396641060816975,4.0622593176978e-07,0,0,0,1.64669067331,2.07294325551417e-06,0,0,0,0.0054843092795545,0.000405657886029064,0,0,0,0.0054843092795545,0.000405657886029064,0,0,0,0,0,0,0,0,0,0,0,0,0,0,0,0,0,0,0.00698101663218962,0.000561055507365404,0,0,0,0.143329897277396,0.00936939469431942,0,0,0,0.0229327835643834,0.00149910315109111,0,0,0,0.000994502314120868,2.15907237503265e-10,0,0,0,0.000994025754578955,2.1584104552602e-10,0,0
111,0,4.34058547657852,0.0016135709233819,0,0,0,4.34058547657852,0.0016135709233819,0,0,0,0,0,0,0,0,0.000395970317815381,2.06855736512873e-07,0,0,0,1.67136151981121,1.08254981334275e-06,0,0,0,0.00552480088921882,0.000205562264276318,0,0,0,0.00552480088921882,0.000205562264276318,0,0,0,0,0,0,0,0,0,0,0,0,0,0,0,0,0,0,0.00696921132882439,0.000285697049656711,0,0,0,0.144043429256481,0.00481690911629522,0,0,0,0.0230469486810369,0.000770705458607236,0,0,0,0.00100940202439096,1.12752888453057e-10,0,0,0,0.00100891832499728,1.12718321123527e-10,0,0
112,0,4.47545866146537,0.00084892231698774,0,0,0,4.47545866146537,0.00084892231698774,0,0,0,0,0,0,0,0,0.000395300709079043,1.05333737661138e-07,0,0,0,1.72329503258054,5.695446555714e-07,0,0,0,0.00569359053176335,0.000104732598008378,0,0,0,0.00569359053176335,0.000104732598008378,0,0,0,0,0,0,0,0,0,0,0,0,0,0,0,0,0,0,0.00695742598891075,0.000145480800225371,0,0,0,0.148563415999197,0.00249328074319503,0,0,0,0.0237701465598715,0.000398924918911205,0,0,0,0.0010407667484807,5.93208776420019e-11,0,0,0,0.00104026801929943,5.93026912846179e-11,0,0
113,0,4.46783927022043,0.000429946722741527,0,0,0,4.46783927022043,0.000429946722741527,0,0,0,0,0,0,0,0,0.000394632232689852,5.36373632983551e-08,0,0,0,1.72036115248536,2.88452610112512e-07,0,0,0,0.00572648858027888,5.37164934335551e-05,0,0,0,0.00572648858027888,5.37164934335551e-05,0,0,0,0,0,0,0,0,0,0,0,0,0,0,0,0,0,0,0.00694566057868933,7.40807903325975e-05,0,0,0,0.149240882365765,0.00127087454337737,0,0,0,0.0238785411785224,0.000203339926940379,0,0,0,0.00103899486102709,3.00437583297721e-11,0,0,0,0.00103849698092366,3.00345476345184e-11,0,0
114,0,4.15435791964393,0.000201596877077065,0,0,0,4.15435791964393,0.000201596877077065,0,0,0,0,0,0,0,0,0.000393964886732944,2.73128705529753e-08,0,0,0,1.59965378032113,1.35251979623461e-07,0,0,0,0.00530293756664133,2.70935426798313e-05,0,0,0,0.00530293756664133,2.70935426798313e-05,0,0,0,0,0,0,0,0,0,0,0,0,0,0,0,0,0,0,0.00693391506445789,3.77229399879616e-05,0,0,0,0.13781012771422,0.00061872016694715,0,0,0,0.0220496204342753,9.8995226711544e-05,0,0,0,0.000966094854429328,1.40871590236106e-11,0,0,0,0.000965631907571654,1.40828402387458e-11,0,0
115,0,4.38946086255836,0.000110114983194877,0,0,0,4.38946086255836,0.000110114983194877,0,0,0,0,0,0,0,0,0.000393298669296692,1.39080829475908e-08,0,0,0,1.69018120204841,7.38764889578019e-08,0,0,0,0.00562552876305169,1.38974889480964e-05,0,0,0,0.00562552876305169,1.38974889480964e-05,0,0,0,0,0,0,0,0,0,0,0,0,0,0,0,0,0,0,0.00692218941257114,1.92090310449777e-05,0,0,0,0.148038499486099,0.000327242324785517,0,0,0,0.0236861599177759,5.23587719656827e-05,0,0,0,0.00102076798269707,7.69459974598441e-12,0,0,0,0.00102027883680437,7.69224076637269e-12,0,0
116,0,4.40434251529478,0.580988314469983,0,0,0,4.40434251529478,0.580988314469983,0,0,0,0,0,0,0,0,0.000392633578472702,0.000191251043069673,0,0,0,1.6959114478572,0.000389786889606052,0,0,0,0.0055984700913148,1.88329332588668,0,0,0,0.0055984700913148,1.88329332588668,0,0,0,0,0,0,0,0,0,0,0,0,0,0,0,0,0,0,0.00691048358944071,16.5863115899524,0,0,0,0.145587001014158,49.7189246131572,0,0,0,0.0232939201622653,7.95502793810515,0,0,0,0.00102422870717295,4.05982220333177e-08,0,0,0,0.00102373790292185,4.05857755927996e-08,0,0
117,0,4.23354444695318,1.50118153311935,0,0,0,4.23354444695318,1.50118153311935,0,0,0,0,0,0,0,0,0.000391969612355808,0.000190196466858935,0,0,0,1.63014490078087,0.00100714741752154,0,0,0,0.00543778517444751,0.353646606526101,0,0,0,0.00543778517444751,0.353646606526101,0,0,0,0,0,0,0,0,0,0,0,0,0,0,0,0,0,0,0.00689879756153503,1.55454040567659,0,0,0,0.141321023374569,8.05815363429078,0,0,0,0.022611363739931,1.28930458148653,0,0,0,0.000984509660773253,1.04899358000847e-07,0,0,0,0.000984037889650868,1.04867198375269e-07,0,0
118,0,4.78608614520978,0.900686516105516,0,0,0,4.78608614520978,0.900686516105516,0,0,0,0,0,0,0,0,0.000391306769044065,0.000101308915209591,0,0,0,1.84290351077492,0.000604273419755706,0,0,0,0.00611808382280084,0.100951739589122,0,0,0,0.00611808382280084,0.100951739589122,0,0,0,0,0,0,0,0,0,0,0,0,0,0,0,0,0,0,0.00688713129537922,0.139971511024564,0,0,0,0.159384950664741,2.52342817687823,0,0,0,0.0255015921063586,0.403748508300517,0,0,0,0.00111300308908843,6.29380492732032e-08,0,0,0,0.00111246974468615,6.29187539778093e-08,0,0
119,0,4.36356666057385,0.409879300372236,0,0,0,4.36356666057385,0.409879300372236,0,0,0,0,0,0,0,0,0.000390645046638745,5.15880403287142e-05,0,0,0,1.68021052573835,0.000274989313256236,0,0,0,0.0055907546483922,0.0517350714541391,0,0,0,0.0055907546483922,0.0517350714541391,0,0,0,0,0,0,0,0,0,0,0,0,0,0,0,0,0,0,0.00687548475755503,0.0712503871598747,0,0,0,0.145190884154452,1.21778441581156,0,0,0,0.0232305414647124,0.19484550652985,0,0,0,0.00101474629275589,2.86414897321187e-08,0,0,0,0.00101426003242088,2.86327089387625e-08,0,0
120,0,4.35624049107427,0.209919083657221,0,0,0,4.35624049107427,0.209919083657221,0,0,0,0,0,0,0,0,0.00038998444324433,2.62693275971491e-05,0,0,0,1.67738955196527,0.000140835374223225,0,0,0,0.00557716337961705,0.0261295831319364,0,0,0,0.00557716337961705,0.0261295831319364,0,0,0,0,0,0,0,0,0,0,0,0,0,0,0,0,0,0,0.0068638579147007,0.0362816594671481,0,0,0,0.146293011688532,0.619423026683936,0,0,0,0.0234068818701652,0.0991076842694298,0,0,0,0.00101304259394295,1.46686970376007e-08,0,0,0,0.00101255715001019,1.46641999671377e-08,0,0
121,0,4.75443180432875,0.118269814035185,0,0,0,4.75443180432875,0.118269814035185,0,0,0,0,0,0,0,0,0.000389324956968507,1.3376696766089e-05,0,0,0,1.83071486766007,7.93475906466665e-05,0,0,0,0.00608840931543929,0.0134188777674507,0,0,0,0.00608840931543929,0.0134188777674507,0,0,0,0,0,0,0,0,0,0,0,0,0,0,0,0,0,0,0.00685225073351089,0.0184751115180519,0,0,0,0.159858483015799,0.333362155665364,0,0,0,0.0255773572825278,0.0533379449064583,0,0,0,0.00110564188034401,8.26444190090109e-09,0,0,0,0.0011051120633888,8.26190822136088e-09,0,0
122,0,4.01011240403575,0.0487987151641571,0,0,0,4.01011240403575,0.0487987151641571,0,0,0,0,0,0,0,0,0.000388666585922165,6.81159484231764e-06,0,0,0,1.54411141040497,3.27392116620467e-05,0,0,0,0.00514848866407363,0.00680050671333696,0,0,0,0.00514848866407363,0.00680050671333696,0,0,0,0,0,0,0,0,0,0,0,0,0,0,0,0,0,0,0.0068406631807366,0.00940777656309236,0,0,0,0.133897508745575,0.152685144485542,0,0,0,0.021423601399292,0.0244296231176868,0,0,0,0.000932550597266355,3.40994994879098e-09,0,0,0,0.000932103724615449,3.40890453997548e-09,0,0
123,0,4.5362563137019,0.0291278644567924,0,0,0,4.5362563137019,0.0291278644567924,0,0,0,0,0,0,0,0,0.000388009328219385,3.46855618447675e-06,0,0,0,1.74670543585247,1.95419759824901e-05,0,0,0,0.0057680690867174,0.00343987189279176,0,0,0,0.0057680690867174,0.00343987189279176,0,0,0,0,0,0,0,0,0,0,0,0,0,0,0,0,0,0,0.00682909522318503,0.00479056701631224,0,0,0,0.151326907820746,0.0837147527133794,0,0,0,0.0242123052513193,0.0133943604341407,0,0,0,0.00105490522670603,2.03539293152915e-09,0,0,0,0.00105439972245082,2.03476892890578e-09,0,0
124,0,4.15059781506243,0.0131769138120326,0,0,0,4.15059781506243,0.0131769138120326,0,0,0,0,0,0,0,0,0.00038735318197744,1.76623570299998e-06,0,0,0,1.59820593552187,8.84043296823412e-06,0,0,0,0.00531731132263928,0.00176387319397806,0,0,0,0.00531731132263928,0.00176387319397806,0,0,0,0,0,0,0,0,0,0,0,0,0,0,0,0,0,0,0.00681754682771954,0.00243942149177012,0,0,0,0.138011459191988,0.0403565471079928,0,0,0,0.022081833470718,0.00645704753727885,0,0,0,0.000965220443086212,9.2077458243341e-10,0,0,0,0.000964757915241208,9.20492295045026e-10,0,0
125,0,4.80948536473703,0.110614275158414,0,0,0,4.80948536473703,0.110614275158414,0,0,0,0,0,0,0,0,0.000458674309546335,1.49085156566307e-05,0,0,0,1.85191348312139,7.421146550832e-05,0,0,0,0.00651791695746986,0.221105594158275,0,0,0,0.00651791695746986,0.221105594158275,0,0,0,0,0,0,0,0,0,0,0,0,0,0,0,0,0,0,0.0134253491631745,1.80558611540333,0,0,0,0.170239492620266,5.83428870612428,0,0,0,0.0272383188192425,0.933486192979885,0,0,0,0.00111844457150766,7.72948920157291e-09,0,0,0,0.00111790861957966,7.72711952569145e-09,0,0
126,0,4.99324845691595,0.0951296773939208,0,0,0,4.99324845691595,0.0951296773939208,0,0,0,0,0,0,0,0,0.00045828357701966,1.22978698042875e-05,0,0,0,1.92267226962304,6.38228001098967e-05,0,0,0,0.00637456936336649,0.0125866786429878,0,0,0,0.00637456936336649,0.0125866786429878,0,0,0,0,0,0,0,0,0,0,0,0,0,0,0,0,0,0,0.00806595022527298,0.0201066344296798,0,0,0,0.165715196304523,0.293843332314924,0,0,0,0.0265144314087237,0.0470149331703878,0,0,0,0.00116117863083091,6.64745859530676e-09,0,0,0,0.00116062220099809,6.64542064404045e-09,0,0
127,0,5.74744276264998,0.0574687516396229,0,0,0,5.74744276264998,0.0574687516396229,0,0,0,0,0,0,0,0,0.000457508593113738,6.27301427995805e-06,0,0,0,2.2130781026302,3.85559664338286e-05,0,0,0,0.00734934302801487,0.00628269922165922,0,0,0,0.00734934302801487,0.00628269922165922,0,0,0,0,0,0,0,0,0,0,0,0,0,0,0,0,0,0,0.00805230575805276,0.00866404033167494,0,0,0,0.192244520724888,0.159115935946124,0,0,0,0.030759123315982,0.0254585497513798,0,0,0,0.00133656632060223,4.01579357266667e-09,0,0,0,0.0013359258460408,4.01456242673633e-09,0,0
128,0,5.04114065507608,0.0247676633933154,0,0,0,5.04114065507608,0.0247676633933154,0,0,0,0,0,0,0,0,0.000456734919590458,3.19430409395305e-06,0,0,0,1.94111337106798,1.66167033595111e-05,0,0,0,0.00643697805585799,0.00318906148702385,0,0,0,0.00643697805585799,0.00318906148702385,0,0,0,0,0,0,0,0,0,0,0,0,0,0,0,0,0,0,0.00803868884274201,0.00441178606735077,0,0,0,0.168660034606983,0.0743530253880939,0,0,0,0.0269856055371173,0.011896484062095,0,0,0,0.0011723159490651,1.73071139753576e-09,0,0,0,0.0011717541822962,1.73018080295835e-09,0,0
129,0,5.10172426288113,0.0128373225354517,0,0,0,5.10172426288113,0.0128373225354517,0,0,0,0,0,0,0,0,0.000455962554393905,1.62658283071317e-06,0,0,0,1.96444135559059,8.6126001114639e-06,0,0,0,0.00653317220083769,0.00162167468758779,0,0,0,0.00653317220083769,0.00162167468758779,0,0,0,0,0,0,0,0,0,0,0,0,0,0,0,0,0,0,0.00802509495442356,0.00224654110923385,0,0,0,0.171089448384779,0.0381636143938462,0,0,0,0.0273743117415646,0.00610617830301539,0,0,0,0.00118640465131352,8.97044669621333e-10,0,0,0,0.00118583613332304,8.96769657254699e-10,0,0
130,0,5.26136437138335,0.00688453369594042,0,0,0,5.26136437138335,0.00688453369594042,0,0,0,0,0,0,0,0,0.000455191495311624,8.28277968322942e-07,0,0,0,2.02591148117821,4.61885533476994e-06,0,0,0,0.00673870611825377,0.000828658659842876,0,0,0,0.00673870611825377,0.000828658659842876,0,0,0,0,0,0,0,0,0,0,0,0,0,0,0,0,0,0,0.00801152405415741,0.00114396910540014,0,0,0,0.175544740483523,0.0199722999765077,0,0,0,0.0280871584773637,0.00319556799624124,0,0,0,0.0012235289170527,4.81076504677422e-10,0,0,0,0.00122294260933682,4.80929018166924e-10,0,0
131,0,5.2695685203846,0.00348235597074672,0,0,0,5.2695685203846,0.00348235597074672,0,0,0,0,0,0,0,0,0.0004544217401349,4.21770339545749e-07,0,0,0,2.02907052481817,2.33632358608919e-06,0,0,0,0.00674601991122042,0.000421173263292335,0,0,0,0.00674601991122042,0.000421173263292335,0,0,0,0,0,0,0,0,0,0,0,0,0,0,0,0,0,0,0.00799797610306945,0.000582524534597234,0,0,0,0.175488179120666,0.0101260525187865,0,0,0,0.0280781086593066,0.00162016840300584,0,0,0,0.00122543678977055,2.43339594581001e-10,0,0,0,0.00122484956781352,2.43264992501453e-10,0,0
132,0,4.94276892402392,0.0016537616727751,0,0,0,4.94276892402392,0.0016537616727751,0,0,0,0,0,0,0,0,0.000453653286658752,2.1477115910824e-07,0,0,0,1.90323490356515,1.10951391366411e-06,0,0,0,0.00631055165789874,0.000213764745958655,0,0,0,0.00631055165789874,0.000213764745958655,0,0,0,0,0,0,0,0,0,0,0,0,0,0,0,0,0,0,0.00798445106235128,0.000296629368578123,0,0,0,0.164740465225244,0.0049741909616964,0,0,0,0.026358474436039,0.000795870553871425,0,0,0,0.0011494396285773,1.15561332146179e-10,0,0,0,0.00114888882400393,1.15525903815215e-10,0,0
133,0,4.53542030572729,0.000752717643365984,0,0,0,4.53542030572729,0.000752717643365984,0,0,0,0,0,0,0,0,0.000452886132681931,1.09364377861126e-07,0,0,0,1.7463835273066,5.05000637107278e-07,0,0,0,0.00581993208475434,0.000108755071246892,0,0,0,0.00581993208475434,0.000108755071246892,0,0,0,0,0,0,0,0,0,0,0,0,0,0,0,0,0,0,0.00797094889326014,0.000151047684822224,0,0,0,0.150882472988539,0.00240125301022154,0,0,0,0.0241411956781662,0.000384200481635446,0,0,0,0.00105471081326882,5.25983006072090e-11,0,0,0,0.00105420540217537,5.25821752306021e-11,0,0
134,0,5.64975863969076,0.00050629811014042,0,0,0,5.64975863969076,0.00050629811014042,0,0,0,0,0,0,0,0,0.000452120276006907,5.56898197812649e-08,0,0,0,2.17546440164643,3.39676996335273e-07,0,0,0,0.00723003270712956,5.58562777044693e-05,0,0,0,0.00723003270712956,5.58562777044693e-05,0,0,0,0,0,0,0,0,0,0,0,0,0,0,0,0,0,0,0.00795746955711879,7.69155232319658e-05,0,0,0,0.189393418199057,0.00140793206275572,0,0,0,0.0303029469118492,0.000225269130040916,0,0,0,0.00131384990319773,3.5379030143285e-11,0,0,0,0.00131322031420721,3.53681837817398e-11,0,0
135,0,4.87927586965572,0.0002166374320809,0,0,0,4.87927586965572,0.0002166374320809,0,0,0,0,0,0,0,0,0.000451355714439868,2.83580091426685e-08,0,0,0,1.87878662385291,1.45342735335547e-07,0,0,0,0.00625551859161707,2.83134542438668e-05,0,0,0,0.00625551859161707,2.83134542438668e-05,0,0,0,0,0,0,0,0,0,0,0,0,0,0,0,0,0,0,0.00794401301531538,3.91664243050578e-05,0,0,0,0.163181845517374,0.000655352193867549,0,0,0,0.0261090952827798,0.000104856351018808,0,0,0,0.00113467433528684,1.5138160870536e-11,0,0,0,0.00113413060615341,1.5133519873729e-11,0,0
136,0,5.08007049492524,0.000115282798837144,0,0,0,5.08007049492524,0.000115282798837144,0,0,0,0,0,0,0,0,0.000450592445790711,1.44402816474304e-08,0,0,0,1.95610347704501,7.73435927447249e-08,0,0,0,0.00650323288044764,1.43805336425209e-05,0,0,0,0.00650323288044764,1.43805336425209e-05,0,0,0,0,0,0,0,0,0,0,0,0,0,0,0,0,0,0,0.00793057922930336,1.99440727747286e-05,0,0,0,0.170093285760088,0.000340516405891616,0,0,0,0.027214925721614,5.44826249426586e-05,0,0,0,0.00118136907320354,8.05571566113568e-12,0,0,0,0.00118080296823187,8.05324597205115e-12,0,0
137,0,5.01189907485491,5.82514244613036e-05,0,0,0,5.01189907485491,5.82514244613036e-05,0,0,0,0,0,0,0,0,0.000449830467873038,7.35318664325299e-09,0,0,0,1.92985377205217,3.90810640943907e-08,0,0,0,0.00642197495779865,7.34588301763877e-06,0,0,0,0.00642197495779865,7.34588301763877e-06,0,0,0,0,0,0,0,0,0,0,0,0,0,0,0,0,0,0,0.00791716816060139,1.01557914949184e-05,0,0,0,0.167189530593669,0.000172999966700184,0,0,0,0.026750324894987,2.76799946720295e-05,0,0,0,0.00116551582718502,4.0704850771301e-12,0,0,0,0.00116495731899373,4.06923716409709e-12,0,0
138,0,4.5695252050523,2.63485237908587e-05,0,0,0,4.5695252050523,2.63485237908587e-05,0,0,0,0,0,0,0,0,0.000449069778504146,3.74434205167567e-09,0,0,0,1.75951576872344,1.76773075780692e-08,0,0,0,0.00587134777467564,3.74603193435894e-06,0,0,0,0.00587134777467564,3.74603193435894e-06,0,0,0,0,0,0,0,0,0,0,0,0,0,0,0,0,0,0,0.00790377977079317,5.17146633254099e-06,0,0,0,0.153509986248589,8.33418377141849e-05,0,0,0,0.0245615977997742,1.33346940342696e-05,0,0,0,0.00106264189874245,1.84117854433491e-12,0,0,0,0.00106213268712042,1.8406140831815e-12,0,0
139,0,4.94822253562672,1.4882084451251e-05,0,0,0,4.94822253562672,1.4882084451251e-05,0,0,0,0,0,0,0,0,0.000448310375505025,1.90666959512187e-09,0,0,0,1.90533484068795,9.98443731936266e-09,0,0,0,0.00633812768846217,1.90057732239721e-06,0,0,0,0.00633812768846217,1.90057732239721e-06,0,0,0,0,0,0,0,0,0,0,0,0,0,0,0,0,0,0,0.00789041402152738,2.63338057324107e-06,0,0,0,0.165232230032667,4.4485013193744e-05,0,0,0,0.0264371568052267,7.11760211099903e-06,0,0,0,0.00115070786453805,1.03992826331051e-12,0,0,0,0.00115015645223361,1.03960944626326e-12,0,0
140,0,5.13481176711201,7.92044677067887e-06,0,0,0,5.13481176711201,7.92044677067887e-06,0,0,0,0,0,0,0,0,0.000447552256700349,9.70901935232946e-10,0,0,0,1.97718184455376,5.31385267851669e-09,0,0,0,0.00657944852279311,9.73541068195458e-07,0,0,0,0.00657944852279311,9.73541068195458e-07,0,0,0,0,0,0,0,0,0,0,0,0,0,0,0,0,0,0,0.00787707087451754,1.34095299012789e-06,0,0,0,0.171685738077737,2.32203892950901e-05,0,0,0,0.0274697180924379,3.71526228721441e-06,0,0,0,0.00119409914182244,5.53463896933005e-13,0,0,0,0.00119352693667827,5.53294218185339e-13,0,0
141,0,4.66493473195196,3.61592083160734e-06,0,0,0,4.66493473195196,3.61592083160734e-06,0,0,0,0,0,0,0,0,0.000446795419918471,4.94396391730611e-10,0,0,0,1.79625362649491,2.42593267181241e-09,0,0,0,0.00593965880362113,4.90964912643513e-07,0,0,0,0.00593965880362113,4.90964912643513e-07,0,0,0,0,0,0,0,0,0,0,0,0,0,0,0,0,0,0,0.00786375029154195,6.82831391865069e-07,0,0,0,0.15434057889884,1.1157368489846e-05,0,0,0,0.0246944926238145,1.78517895837535e-06,0,0,0,0.00108482935942451,2.52672821673555e-13,0,0,0,0.00108430951570445,2.52595358250578e-13,0,0
142,0,5.54002292998704,2.27981861819531e-06,0,0,0,5.54002292998704,2.27981861819531e-06,0,0,0,0,0,0,0,0,0.000446039862991417,2.51753326763741e-10,0,0,0,2.13321018420557,1.52953748968772e-09,0,0,0,0.00708053018344365,2.50443388410677e-07,0,0,0,0.00708053018344365,2.50443388410677e-07,0,0,0,0,0,0,0,0,0,0,0,0,0,0,0,0,0,0,0.0078504522344435,3.47706976418256e-07,0,0,0,0.185456990475015,6.32684027835776e-06,0,0,0,0.0296731184760024,1.01229444453724e-06,0,0,0,0.00128833089242819,1.59308853813387e-13,0,0,0,0.00128771353199452,1.59260013542221e-13,0,0
143,0,5.08783089883019,1.05179794361085e-06,0,0,0,5.08783089883019,1.05179794361085e-06,0,0,0,0,0,0,0,0,0.000445285583754877,1.2819619761939e-10,0,0,0,1.95909165468485,7.05654552291853e-10,0,0,0,0.00651393022036083,1.27914809915106e-07,0,0,0,0.00651393022036083,1.27914809915106e-07,0,0,0,0,0,0,0,0,0,0,0,0,0,0,0,0,0,0,0.00783717666512964,1.77057093288728e-07,0,0,0,0.169774300235503,3.06709074980649e-06,0,0,0,0.0271638880376804,4.90734519969039e-07,0,0,0,0.00118317375311458,7.34973929516208e-14,0,0,0,0.00118260678335113,7.34748604148793e-14,0,0
144,0,4.62447404597884,0.472210592290823,0,0,0,4.62447404597884,0.472210592290823,0,0,0,0,0,0,0,0,0.000444532580048204,0.000190026547825553,0,0,0,1.78067406148795,0.00031680757327449,0,0,0,0.005927918228464,1.79005535298407,0,0,0,0.005927918228464,1.79005535298407,0,0,0,0,0,0,0,0,0,0,0,0,0,0,0,0,0,0,0.00782392354557222,16.5863057464837,0,0,0,0.155087972138582,47.2574610788677,0,0,0,0.0248140755421731,7.56119377261884,0,0,0,0.00107542023741783,3.29970672298225e-08,0,0,0,0.00107490490249258,3.29869511209395e-08,0,0
145,0,5.04953914094797,1.6402290825786,0,0,0,5.04953914094797,1.6402290825786,0,0,0,0,0,0,0,0,0.000443780849714401,0.000191247367116076,0,0,0,1.94434724497432,0.00110043485628958,0,0,0,0.00645057616567407,0.439790248485561,0,0,0,0.00645057616567407,0.439790248485561,0,0,0,0,0,0,0,0,0,0,0,0,0,0,0,0,0,0,0.0078106928378074,2.23754420173206,0,0,0,0.168291033955763,10.3004933923701,0,0,0,0.026926565432922,1.64807894277922,0,0,0,0.00117426901477171,1.14615703657963e-07,0,0,0,0.00117370631210544,1.14580565233998e-07,0,0
146,0,5.79767539533588,0.990231711706296,0,0,0,5.79767539533588,0.990231711706296,0,0,0,0,0,0,0,0,0.000514744398264961,0.000104196148871867,0,0,0,2.23242039867829,0.000664349573446052,0,0,0,0.00778162094712115,0.318813893267983,0,0,0,0.00778162094712115,0.318813893267983,0,0,0,0,0,0,0,0,0,0,0,0,0,0,0,0,0,0,0.0144123408580326,1.89638990578197,0,0,0,0.204414471870082,8.28444824293715,0,0,0,0.0327063154992131,1.32551171886994,0,0,0,0.00134824790627708,6.91952762130149e-08,0,0,0,0.00134760183396987,6.91740626020146e-08,0,0
147,0,5.5575125107857,0.509932472044692,0,0,0,5.5575125107857,0.509932472044692,0,0,0,0,0,0,0,0,0.000514556120802848,6.70891293756394e-05,0,0,0,2.13994462417968,0.000342115301180803,0,0,0,0.00712706956085355,0.0746349484108807,0,0,0,0.00712706956085355,0.0746349484108807,0,0,0,0,0,0,0,0,0,0,0,0,0,0,0,0,0,0,0.00905943660382294,0.15324825404364,0,0,0,0.185981362919209,1.70632679803713,0,0,0,0.0297570180670735,0.27301228768594,0,0,0,0.00129239808989709,3.56329915877139e-08,0,0,0,0.0012917787804868,3.56220673676849e-08,0,0
148,0,6.36558192821331,0.30948688051954,0,0,0,6.36558192821331,0.30948688051954,0,0,0,0,0,0,0,0,0.000513686086231342,3.43717888844531e-05,0,0,0,2.45109530578989,0.000207635722659313,0,0,0,0.00810587315786219,0.0343094110390141,0,0,0,0.00810587315786219,0.0343094110390141,0,0,0,0,0,0,0,0,0,0,0,0,0,0,0,0,0,0,0.00904104861034637,0.0474746297019052,0,0,0,0.211494193595354,0.862500778185229,0,0,0,0.0338390709752566,0.138000124509637,0,0,0,0.00148031442288976,2.16262819385506e-08,0,0,0,0.0014796050651002,2.1619651839539e-08,0,0
149,0,5.59224710279064,0.134964564376579,0,0,0,5.59224710279064,0.134964564376579,0,0,0,0,0,0,0,0,0.000512817413314206,1.7502587618236e-05,0,0,0,2.15331933153118,9.05481512194862e-05,0,0,0,0.00716582626936065,0.0174820362907454,0,0,0,0.00716582626936065,0.0174820362907454,0,0,0,0,0,0,0,0,0,0,0,0,0,0,0,0,0,0,0.00902575967361803,0.0241735508361057,0,0,0,0.186862539796904,0.406390626129798,0,0,0,0.0298980063675046,0.0650225001807677,0,0,0,0.00130047561023977,9.43103538354115e-09,0,0,0,0.00129985243013019,9.42814405443741e-09,0,0
150,0,5.60213021086922,0.0686606075250045,0,0,0,5.60213021086922,0.0686606075250045,0,0,0,0,0,0,0,0,0.000511950209373274,8.91255424537536e-06,0,0,0,2.15712486574489,4.60646177884807e-05,0,0,0,0.00716382568718358,0.00890651599355792,0,0,0,0.00716382568718358,0.00890651599355792,0,0,0,0,0,0,0,0,0,0,0,0,0,0,0,0,0,0,0.00901049659136761,0.0123094988600975,0,0,0,0.186333186031481,0.20687960598218,0,0,0,0.029813309765037,0.0331007369571488,0,0,0,0.00130277392445466,4.7978565486047e-09,0,0,0,0.00130214964300671,4.79638564093546e-09,0,0
151,0,6.0719734127996,0.0389343639412315,0,0,0,6.0719734127996,0.0389343639412315,0,0,0,0,0,0,0,0,0.000511084471924422,4.53839311686996e-06,0,0,0,2.33804005616992,2.61211873655106e-05,0,0,0,0.00776770365328907,0.00453107262749033,0,0,0,0.00776770365328907,0.00453107262749033,0,0,0,0,0,0,0,0,0,0,0,0,0,0,0,0,0,0,0.00899525931987308,0.00626816324038169,0,0,0,0.203317938875357,0.111097268909457,0,0,0,0.0325308702200571,0.0177755630255131,0,0,0,0.00141203583894383,2.72065016222246e-09,0,0,0,0.00141135919984203,2.71981607617833e-09,0,0
152,0,5.40443231537769,0.0171580171175762,0,0,0,5.40443231537769,0.0171580171175762,0,0,0,0,0,0,0,0,0.000510220198487728,2.3110111328568e-06,0,0,0,2.08100042196763,1.15113677117046e-05,0,0,0,0.00692551427617543,0.00229139166481963,0,0,0,0.00692551427617543,0.00229139166481963,0,0,0,0,0,0,0,0,0,0,0,0,0,0,0,0,0,0,0.00898004781548698,0.00319183346573477,0,0,0,0.179741827991485,0.0524850394466032,0,0,0,0.0287586924786375,0.00839760631145652,0,0,0,0.00125679933024295,1.19896557511023e-09,0,0,0,0.00125619707954469,1.19859800104007e-09,0,0
153,0,5.52545759494885,0.00892376185547989,0,0,0,5.52545759494885,0.00892376185547989,0,0,0,0,0,0,0,0,0.00050935738658746,1.1767981130448e-06,0,0,0,2.12760173791708,5.9869799281692e-06,0,0,0,0.00706090459140034,0.00117529906260776,0,0,0,0.00706090459140034,0.00117529906260776,0,0,0,0,0,0,0,0,0,0,0,0,0,0,0,0,0,0,0.00896486203463563,0.0016253247534064,0,0,0,0.183800345086408,0.0271008479891194,0,0,0,0.0294080552138253,0.00433613567825911,0,0,0,0.00128494372755082,6.23573411302994e-10,0,0,0,0.00128432799022624,6.2338223866085e-10,0,0
154,0,6.08455149169608,0.00517953826486677,0,0,0,6.08455149169608,0.00517953826486677,0,0,0,0,0,0,0,0,0.000508496033752078,5.99241509128469e-07,0,0,0,2.34288330074469,3.4749685313374e-06,0,0,0,0.00778286994956752,0.000598061005675241,0,0,0,0.00778286994956752,0.000598061005675241,0,0,0,0,0,0,0,0,0,0,0,0,0,0,0,0,0,0,0.00894970193381903,0.000827637338349494,0,0,0,0.203742768138194,0.0147229165994465,0,0,0,0.032598842902111,0.00235566665591144,0,0,0,0.00141496086792197,3.61935066971111e-10,0,0,0,0.00141428282716383,3.61824106366019e-10,0,0
155,0,5.77608363003857,0.00246445433324056,0,0,0,5.77608363003857,0.00246445433324056,0,0,0,0,0,0,0,0,0.000507636137514218,3.05141878018031e-07,0,0,0,2.22410639452898,1.65341017229637e-06,0,0,0,0.00736107256565731,0.000304062547702472,0,0,0,0.00736107256565731,0.000304062547702472,0,0,0,0,0,0,0,0,0,0,0,0,0,0,0,0,0,0,0.00893456746961078,0.000421444122102139,0,0,0,0.192160061800018,0.00723843400391345,0,0,0,0.0307456098880029,0.00115814944062615,0,0,0,0.00134322674686923,1.72210803074665e-10,0,0,0,0.00134258308067149,1.72158007375502e-10,0,0
156,0,6.36637203918854,0.00142229612315915,0,0,0,6.36637203918854,0.00142229612315915,0,0,0,0,0,0,0,0,0.000506777695410689,1.55382369715648e-07,0,0,0,2.45139954149438,9.54222947583217e-07,0,0,0,0.00812644636460459,0.000155885923695018,0,0,0,0.00812644636460459,0.000155885923695018,0,0,0,0,0,0,0,0,0,0,0,0,0,0,0,0,0,0,0.00891945859865787,0.000214605044775571,0,0,0,0.212635863797493,0.00394265375079697,0,0,0,0.034021738207599,0.000630824600127516,0,0,0,0.00148049816299169,9.93870141051271e-11,0,0,0,0.00147978871715497,9.93565444318908e-11,0,0
157,0,5.66079921489238,0.000629997415259906,0,0,0,5.66079921489238,0.000629997415259906,0,0,0,0,0,0,0,0,0.000505920704982466,7.91228033833683e-08,0,0,0,2.17971562366432,4.22667249646892e-07,0,0,0,0.00725016099264423,7.89099166356819e-05,0,0,0,0.00725016099264423,7.89099166356819e-05,0,0,0,0,0,0,0,0,0,0,0,0,0,0,0,0,0,0,0.00890437527768063,0.000109279790197114,0,0,0,0.188774469892524,0.00186456449620263,0,0,0,0.0302039151828038,0.00029833031939242,0,0,0,0.00131641738609124,4.4022873280112e-11,0,0,0,0.00131578656677833,4.40093769237133e-11,0,0
158,0,5.68954099391525,0.000324736410511851,0,0,0,5.68954099391525,0.000324736410511851,0,0,0,0,0,0,0,0,0.000505065163774681,4.02904011999548e-08,0,0,0,2.1907827720315,2.17866680349193e-07,0,0,0,0.00729910196817743,4.03802759978159e-05,0,0,0,0.00729910196817743,4.03802759978159e-05,0,0,0,0,0,0,0,0,0,0,0,0,0,0,0,0,0,0,0.00888931746347257,5.56467465991495e-05,0,0,0,0.191438147151183,0.000957744630893761,0,0,0,0.0306301035441892,0.000153239140943002,0,0,0,0.00132310127933256,2.26918865111595e-11,0,0,0,0.00132246725713811,2.26849297233605e-11,0,0
159,0,5.77059977706881,0.000167740558006529,0,0,0,5.77059977706881,0.000167740558006529,0,0,0,0,0,0,0,0,0.000504211069336619,2.05164170054488e-08,0,0,0,2.22199481283489,1.12537668551554e-07,0,0,0,0.00735353526938625,2.04445501432597e-05,0,0,0,0.00735353526938625,2.04445501432597e-05,0,0,0,0,0,0,0,0,0,0,0,0,0,0,0,0,0,0,0.00887428511290027,2.83360756960139e-05,0,0,0,0.191516916728388,0.000489641839854914,0,0,0,0.0306427066765421,7.83426943767863e-05,0,0,0,0.00134195147828645,1.17213517868328e-11,0,0,0,0.00134130842318977,1.17177583016874e-11,0,0
160,0,5.47470923549503,7.96534893980369e-05,0,0,0,5.47470923549503,7.96534893980369e-05,0,0,0,0,0,0,0,0,0.000503358419221709,1.04472369151276e-08,0,0,0,2.10806085900977,5.34397768517142e-08,0,0,0,0.00701434850905368,1.04099897426063e-05,0,0,0,0.00701434850905368,1.04099897426063e-05,0,0,0,0,0,0,0,0,0,0,0,0,0,0,0,0,0,0,0.00885927818290325,1.44291128398601e-05,0,0,0,0.183096817751756,0.000240956728810975,0,0,0,0.0292954908402809,3.8553076609756e-05,0,0,0,0.00127314220975014,5.5660156457021e-12,0,0,0,0.00127253212764208,5.56430923888951e-12,0,0
161,0,5.81289948606698,4.37881175819542e-05,0,0,0,5.81289948606698,4.37881175819542e-05,0,0,0,0,0,0,0,0,0.000502507210987517,5.3198742807683e-09,0,0,0,2.23828250174236,2.93775859666724e-08,0,0,0,0.00744335403945893,5.3179535797488e-06,0,0,0,0.00744335403945893,5.3179535797488e-06,0,0,0,0,0,0,0,0,0,0,0,0,0,0,0,0,0,0,0.00884429663049384,7.34749933543919e-06,0,0,0,0.193774200726079,0.000127594959738099,0,0,0,0.0310038721161727,2.04151935580958e-05,0,0,0,0.00135178826461961,3.05982009575348e-12,0,0,0,0.00135114049579393,3.05888202834781e-12,0,0
162,0,5.96945067796013,2.32381111535621e-05,0,0,0,5.96945067796013,2.32381111535621e-05,0,0,0,0,0,0,0,0,0.000501657442195738,2.70895190691044e-09,0,0,0,2.29856322641018,1.55905219455746e-08,0,0,0,0.00764172795379124,2.71055033060092e-06,0,0,0,0.00764172795379124,2.71055033060092e-06,0,0,0,0,0,0,0,0,0,0,0,0,0,0,0,0,0,0,0.00882934041275706,3.74144599764614e-06,0,0,0,0.199589646117519,6.6379566132588e-05,0,0,0,0.031934343378803,1.06207305812141e-05,0,0,0,0.00138819420360421,1.62382955517425e-12,0,0,0,0.00138752898927101,1.62333172800454e-12,0,0
163,0,5.75064126351926,1.13274744244793e-05,0,0,0,5.75064126351926,1.13274744244793e-05,0,0,0,0,0,0,0,0,0.000500809110412192,1.37943493523571e-09,0,0,0,2.21430969945115,7.59963825957128e-09,0,0,0,0.00736313787066821,1.37735562818595e-06,0,0,0,0.00736313787066821,1.37735562818595e-06,0,0,0,0,0,0,0,0,0,0,0,0,0,0,0,0,0,0,0.00881440948685053,1.90519488525624e-06,0,0,0,0.192060876368392,3.30288101931825e-05,0,0,0,0.0307297402189427,5.2846096309092e-06,0,0,0,0.00133731013114804,7.91539709677757e-13,0,0,0,0.00133666930015706,7.91297042599723e-13,0,0
164,0,5.85454652641008,5.89782305404003e-06,0,0,0,5.85454652641008,5.89782305404003e-06,0,0,0,0,0,0,0,0,0.000499962213206816,7.02426918578606e-10,0,0,0,2.25431887771492,3.95686805814389e-09,0,0,0,0.00749672363274172,7.02580040319489e-07,0,0,0,0.00749672363274172,7.02580040319489e-07,0,0,0,0,0,0,0,0,0,0,0,0,0,0,0,0,0,0,0.00879950381000429,9.70150993249701e-07,0,0,0,0.195107504581634,1.70214065495866e-05,0,0,0,0.0312172007330615,2.72342504793386e-06,0,0,0,0.00136147327302667,4.12127273299071e-13,0,0,0,0.00136082086320307,4.12000924968132e-13,0,0
165,0,5.78321272850413,2.97027401517998e-06,0,0,0,5.78321272850413,2.97027401517998e-06,0,0,0,0,0,0,0,0,0.000499116748153654,3.57685283546575e-10,0,0,0,2.22685148523404,1.99276618964512e-09,0,0,0,0.00740859860291319,3.58078616631545e-07,0,0,0,0.00740859860291319,3.58078616631545e-07,0,0,0,0,0,0,0,0,0,0,0,0,0,0,0,0,0,0,0.00878462333952073,4.94014001920227e-07,0,0,0,0.193200648407471,8.6237245528799e-06,0,0,0,0.0309121037451954,1.37979592846078e-06,0,0,0,0.00134488461686443,2.0755640167751e-13,0,0,0,0.00134424015622533,2.07492769866109e-13,0,0
166,0,5.33450813637013,1.36993916583276e-06,0,0,0,5.33450813637013,1.36993916583276e-06,0,0,0,0,0,0,0,0,0.000498272712830855,1.8213818218226e-10,0,0,0,2.05407580944053,9.19096500050258e-10,0,0,0,0.00683895601337241,1.81606503201702e-07,0,0,0,0.00683895601337241,1.81606503201702e-07,0,0,0,0,0,0,0,0,0,0,0,0,0,0,0,0,0,0,0.00876976803277441,2.51558608702495e-07,0,0,0,0.177543516833881,4.17446599404274e-06,0,0,0,0.0284069626934209,6.67914559046839e-07,0,0,0,0.00124053848058915,9.57284217968376e-14,0,0,0,0.00123994402199248,9.56990737601968e-14,0,0
167,0,6.34184645754202,0.103916264469005,0,0,0,6.34184645754202,0.103916264469005,0,0,0,0,0,0,0,0,0.000569320404887407,1.43187000620561e-05,0,0,0,2.44195585846218,6.97177490459598e-05,0,0,0,0.00844824606548247,0.221510300842722,0,0,0,0.00844824606548247,0.221510300842722,0,0,0,0,0,0,0,0,0,0,0,0,0,0,0,0,0,0,0.0153730324942665,1.80462177701414,0,0,0,0.220262177831507,5.84787172975752,0,0,0,0.0352419484530411,0.935659476761203,0,0,0,0.00147479474535438,7.26144652605333e-09,0,0,0,0.00147408803256117,7.25922034082315e-09,0,0
168,0,6.23525528978736,0.0911809876667046,0,0,0,6.23525528978736,0.0911809876667046,0,0,0,0,0,0,0,0,0.000568828282368011,1.18399349253346e-05,0,0,0,2.40091246072282,6.11736117381907e-05,0,0,0,0.00799585764819291,0.0122321167270666,0,0,0,0.00799585764819291,0.0122321167270666,0,0,0,0,0,0,0,0,0,0,0,0,0,0,0,0,0,0,0.0100115743748449,0.0194741615475772,0,0,0,0.208890907979509,0.283021894137733,0,0,0,0.0334225452767214,0.0452835030620373,0,0,0,0.00145000699699777,6.37153259422626e-09,0,0,0,0.00144931216234486,6.36957923524966e-09,0,0
169,0,5.91815944681979,0.043683071095337,0,0,0,5.91815944681979,0.043683071095337,0,0,0,0,0,0,0,0,0.000567866360964184,6.03982764844969e-06,0,0,0,2.2788133123734,2.93071099480283e-05,0,0,0,0.00752517092599413,0.00598321951806656,0,0,0,0.00752517092599413,0.00598321951806656,0,0,0,0,0,0,0,0,0,0,0,0,0,0,0,0,0,0,0.00999463974452516,0.00834197658926004,0,0,0,0.195952665430152,0.135416077103315,0,0,0,0.0313524264688243,0.0216665723365304,0,0,0,0.00137626644113393,3.05247967171863e-09,0,0,0,0.00137560694251294,3.05154385471079e-09,0,0
170,0,6.85862501094045,0.0268977553453372,0,0,0,6.85862501094045,0.0268977553453372,0,0,0,0,0,0,0,0,0.000566906066065131,3.07556230857399e-06,0,0,0,2.64094371230688,1.80457887574006e-05,0,0,0,0.00874695536280503,0.00307315513820445,0,0,0,0.00874695536280503,0.00307315513820445,0,0,0,0,0,0,0,0,0,0,0,0,0,0,0,0,0,0,0.00997773822997121,0.00424778685550557,0,0,0,0.229130408447004,0.0760639846277849,0,0,0,0.0366608653515206,0.0121702375404456,0,0,0,0.0015949714636282,1.87955767183382e-09,0,0,0,0.00159420716287265,1.87898144456102e-09,0,0
171,0,6.80952690474291,0.0136256505344949,0,0,0,6.80952690474291,0.0136256505344949,0,0,0,0,0,0,0,0,0.00056594739508036,1.56611790824397e-06,0,0,0,2.62203827067073,9.14149184832563e-06,0,0,0,0.00870704474348806,0.00155784966361881,0,0,0,0.00870704474348806,0.00155784966361881,0,0,0,0,0,0,0,0,0,0,0,0,0,0,0,0,0,0,0.00996086529685707,0.00216303049334093,0,0,0,0.22795678189787,0.0385453339363115,0,0,0,0.0364730851036592,0.00616725342980984,0,0,0,0.00158355371179334,9.5213134579559e-10,0,0,0,0.00158279488235597,9.51839445176122e-10,0,0
172,0,6.46625382502471,1.17449419010198,0,0,0,6.46625382502471,1.17449419010198,0,0,0,0,0,0,0,0,0.000564990345263736,0.000191741771861052,0,0,0,2.48985946223028,0.00078797185041126,0,0,0,0.008275615472959,1.76788169052594,0,0,0,0.008275615472959,1.76788169052594,0,0,0,0,0,0,0,0,0,0,0,0,0,0,0,0,0,0,0.00994402089684986,16.5854661424307,0,0,0,0.21624023504031,46.670173776078,0,0,0,0.0345984376064496,7.46722780417248,0,0,0,0.00150372564632702,8.20711444947065e-08,0,0,0,0.00150300507001965,8.20459834515119e-08,0,0
173,0,5.94228655725574,1.22959496877534,0,0,0,5.94228655725574,1.22959496877534,0,0,0,0,0,0,0,0,0.000564034913873771,0.000167777737926981,0,0,0,2.28810356231422,0.000824939136325697,0,0,0,0.00761904347108464,0.179927015685291,0,0,0,0.00761904347108464,0.179927015685291,0,0,0,0,0,0,0,0,0,0,0,0,0,0,0,0,0,0,0.00992720498169845,0.333394846681766,0,0,0,0.19755243507757,4.04366087769563,0,0,0,0.0316083896124112,0.6469857404313,0,0,0,0.00138187719439479,8.59214691760735e-08,0,0,0,0.0013812150071345,8.58951277157393e-08,0,0
174,0,6.80171968735025,0.750826282695976,0,0,0,6.80171968735025,0.750826282695976,0,0,0,0,0,0,0,0,0.00056308109817361,8.57855653079275e-05,0,0,0,2.61903206729165,0.000503731717278213,0,0,0,0.00870491983824406,0.0859027726410298,0,0,0,0.00870491983824406,0.0859027726410298,0,0,0,0,0,0,0,0,0,0,0,0,0,0,0,0,0,0,0.00991041750323329,0.118485907877241,0,0,0,0.227213875622839,2.12459908107034,0,0,0,0.0363542200996542,0.339935852971255,0,0,0,0.0015817381454179,5.24661363648075e-08,0,0,0,0.00158098018598904,5.24500515065853e-08,0,0
175,0,6.45477265842374,0.359068668439938,0,0,0,6.45477265842374,0.359068668439938,0,0,0,0,0,0,0,0,0.000562128895431031,4.36831831113212e-05,0,0,0,2.48543858855714,0.000240900300299278,0,0,0,0.00825967363951225,0.0434419406989614,0,0,0,0.00825967363951225,0.0434419406989614,0,0,0,0,0,0,0,0,0,0,0,0,0,0,0,0,0,0,0.00989365841336631,0.0603326587691446,0,0,0,0.215144238342464,1.04431410659146,0,0,0,0.0344230781347943,0.167090257054634,0,0,0,0.0015010557040181,2.50909513383775e-08,0,0,0,0.00150033640713107,2.508325905488e-08,0,0
176,0,6.76811692468004,0.194390885423103,0,0,0,6.76811692468004,0.194390885423103,0,0,0,0,0,0,0,0,0.000561178302918426,2.22440674246514e-05,0,0,0,2.60609317580123,0.000130417457132441,0,0,0,0.00862229938152393,0.0220641975831575,0,0,0,0.00862229938152393,0.0220641975831575,0,0,0,0,0,0,0,0,0,0,0,0,0,0,0,0,0,0,0.00987692766409074,0.0307222054496534,0,0,0,0.225472689782102,0.547945503751634,0,0,0,0.0360756303651364,0.0876712806002615,0,0,0,0.00157392383169283,1.35836197236771e-08,0,0,0,0.00157316961683623,1.35794553118767e-08,0,0
177,0,6.33739050535212,0.0909961637730141,0,0,0,6.33739050535212,0.0909961637730141,0,0,0,0,0,0,0,0,0.000560229317912806,1.13269798659135e-05,0,0,0,2.44024007448223,6.10496128059364e-05,0,0,0,0.00811231751676707,0.0112812754533331,0,0,0,0.00811231751676707,0.0112812754533331,0,0,0,0,0,0,0,0,0,0,0,0,0,0,0,0,0,0,0.009860225207481,0.0156441623701892,0,0,0,0.211311115535943,0.267918410891944,0,0,0,0.0338097784857509,0.042866945742711,0,0,0,0.00147375851483079,6.35861749544333e-09,0,0,0,0.00147305229859303,6.35666809592605e-09,0,0
178,0,6.07240153590822,0.044029906189404,0,0,0,6.07240153590822,0.044029906189404,0,0,0,0,0,0,0,0,0.000559281937695781,5.76785128517573e-06,0,0,0,2.33820490685501,2.95398027047595e-05,0,0,0,0.00777786275190388,0.00572857463460101,0,0,0,0.00777786275190388,0.00572857463460101,0,0,0,0,0,0,0,0,0,0,0,0,0,0,0,0,0,0,0.00984355099569256,0.00796621898339678,0,0,0,0.202285743376854,0.132872625743987,0,0,0,0.0323657189402966,0.0212596201190379,0,0,0,0.00141213539886147,3.07671576701897e-09,0,0,0,0.00141145871205115,3.07577251980598e-09,0,0
179,0,6.15727408677233,0.0227781488507789,0,0,0,6.15727408677233,0.0227781488507789,0,0,0,0,0,0,0,0,0.000558336159553562,2.93706785407269e-06,0,0,0,2.37088545568141,1.52819317882984e-05,0,0,0,0.00789722607690382,0.00293782144894205,0,0,0,0.00789722607690382,0.00293782144894205,0,0,0,0,0,0,0,0,0,0,0,0,0,0,0,0,0,0,0.00982690498096178,0.0040565064072947,0,0,0,0.205594859111174,0.0684325945657143,0,0,0,0.0328951774577878,0.0109492151305143,0,0,0,0.00143187248850519,1.59168837224463e-09,0,0,0,0.00143118634379993,1.59120039879022e-09,0,0
180,0,5.71400875030081,0.0106338799027482,0,0,0,5.71400875030081,0.0106338799027482,0,0,0,0,0,0,0,0,0.000557391980776947,1.49559465959156e-06,0,0,0,2.20020418919276,7.13430351093693e-06,0,0,0,0.0072995721635298,0.00148806453760633,0,0,0,0.0072995721635298,0.00148806453760633,0,0,0,0,0,0,0,0,0,0,0,0,0,0,0,0,0,0,0.0098102871156058,0.0020656279053738,0,0,0,0.190090237325406,0.0333453744196806,0,0,0,0.0304144379720649,0.00533525990714889,0,0,0,0.00132879124972047,7.43072806483633e-10,0,0,0,0.00132815450092635,7.42844998194912e-10,0,0
181,0,6.06279647213903,0.00587355018794925,0,0,0,6.06279647213903,0.00587355018794925,0,0,0,0,0,0,0,0,0.000556449398661317,7.61577020666082e-07,0,0,0,2.33450643482496,3.94058331585268e-06,0,0,0,0.00778598684167228,0.000763493911240268,0,0,0,0.00778598684167228,0.000763493911240268,0,0,0,0,0,0,0,0,0,0,0,0,0,0,0,0,0,0,0.00979369735202242,0.00105184565610104,0,0,0,0.202870316733435,0.0177180538818651,0,0,0,0.0324592506773496,0.00283488862109842,0,0,0,0.00140990174377845,4.10431137279816e-10,0,0,0,0.00140922612732224,4.10305308943473e-10,0,0
182,0,5.98940620762898,0.00295275908689166,0,0,0,5.98940620762898,0.00295275908689166,0,0,0,0,0,0,0,0,0.000555508410506626,3.87805315221586e-07,0,0,0,2.30624719083754,1.98101536910511e-06,0,0,0,0.00769045708915568,0.000388316735855143,0,0,0,0.00769045708915568,0.000388316735855143,0,0,0,0,0,0,0,0,0,0,0,0,0,0,0,0,0,0,0.00977713564268988,0.000535614028732061,0,0,0,0.201049047088225,0.00896174232762031,0,0,0,0.032167847534116,0.00143387877241925,0,0,0,0.00139283485684194,2.0633249591239e-10,0,0,0,0.00139216741873555,2.06269239321123e-10,0,0
183,0,6.80393946252248,0.00175952534904531,0,0,0,6.80393946252248,0.00175952534904531,0,0,0,0,0,0,0,0,0.000554569013617392,1.97475709525188e-07,0,0,0,2.61988680148027,1.18047109710467e-06,0,0,0,0.00867310470907883,0.00019725788417133,0,0,0,0.00867310470907883,0.00019725788417133,0,0,0,0,0,0,0,0,0,0,0,0,0,0,0,0,0,0,0.00976060194016685,0.000272741904775268,0,0,0,0.226861298311707,0.00493031204737614,0,0,0,0.0362978077298731,0.000788849927580183,0,0,0,0.00158225435355724,1.22951871861586e-10,0,0,0,0.00158149614676454,1.22914177768518e-10,0,0
184,0,6.66660040179198,0.000877088768933676,0,0,0,6.66660040179198,0.000877088768933676,0,0,0,0,0,0,0,0,0.000553631205302694,1.0055730110402e-07,0,0,0,2.56700379237688,5.8844161687304e-07,0,0,0,0.00852903682777847,0.000100556169043861,0,0,0,0.00852903682777847,0.000100556169043861,0,0,0,0,0,0,0,0,0,0,0,0,0,0,0,0,0,0,0.00974409619709218,0.000138883865302291,0,0,0,0.222628313291291,0.00248435854724865,0,0,0,0.0356205301266065,0.000397497367559784,0,0,0,0.00155031619068098,6.12890891214962e-11,0,0,0,0.0015495732884643,6.12702993577097e-11,0,0
185,0,6.19976663287066,0.000405638420597609,0,0,0,6.19976663287066,0.000405638420597609,0,0,0,0,0,0,0,0,0.000552694982876161,5.12051372274464e-08,0,0,0,2.38724739736204,2.72144093661668e-07,0,0,0,0.00793662582340458,5.08225161690635e-05,0,0,0,0.00793662582340458,5.08225161690635e-05,0,0,0,0,0,0,0,0,0,0,0,0,0,0,0,0,0,0,0.00972761836618483,7.07215418811363e-05,0,0,0,0.207575781060366,0.00120082879998594,0,0,0,0.0332121249696585,0.00019213260799775,0,0,0,0.00144175411905586,2.83451461148396e-11,0,0,0,0.00144106323913254,2.83364561733243e-11,0,0
186,0,6.03937091913897,0.0311928708179562,0,0,0,6.03937091913897,0.0311928708179562,0,0,0,0,0,0,0,0,0.000623219850013474,1.39382526874552e-05,0,0,0,2.32548632265902,2.092739525253e-05,0,0,0,0.00811013094516641,0.193840344159211,0,0,0,0.00811013094516641,0.193840344159211,0,0,0,0,0,0,0,0,0,0,0,0,0,0,0,0,0,0,0.0163218147400706,1.80464278395542,0,0,0,0.213109999364749,5.11729202285403,0,0,0,0.0340975998983599,0.818766723656645,0,0,0,0.00140445413751696,2.17969116380466e-09,0,0,0,0.00140378113152099,2.17902292280642e-09,0,0
187,0,6.65924429557056,0.116029183725384,0,0,0,6.65924429557056,0.116029183725384,0,0,0,0,0,0,0,0,0.000623115804389404,1.43315484788528e-05,0,0,0,2.56417129133745,7.78443447164778e-05,0,0,0,0.00847653228387034,0.0413975877463123,0,0,0,0.00847653228387034,0.0413975877463123,0,0,0,0,0,0,0,0,0,0,0,0,0,0,0,0,0,0,0.0110175348092742,0.235671819640559,0,0,0,0.221459770982277,0.904087105823333,0,0,0,0.0354335633571643,0.144653936931733,0,0,0,0.00154860553009115,8.10787144234575e-09,0,0,0,0.00154786344761277,8.10538576355044e-09,0,0
188,0,7.00746043594893,0.0642338866829476,0,0,0,7.00746043594893,0.0642338866829476,0,0,0,0,0,0,0,0,0.00062206387927378,8.00777185558277e-06,0,0,0,2.69825344701576,4.30947168365937e-05,0,0,0,0.00894026775536156,0.00798895055007045,0,0,0,0.00894026775536156,0.00798895055007045,0,0,0,0,0,0,0,0,0,0,0,0,0,0,0,0,0,0,0.0109485343714888,0.0110681518846602,0,0,0,0.234056402750882,0.189456483919726,0,0,0,0.0374490244401411,0.0303130374271561,0,0,0,0.00162958310302922,4.48852675461514e-09,0,0,0,0.00162880221658374,4.48715068003682e-09,0,0
189,0,7.01913922722179,0.032848238506382,0,0,0,7.01913922722179,0.032848238506382,0,0,0,0,0,0,0,0,0.000621011933232925,4.0776942858528e-06,0,0,0,2.7027504169376,2.20379866471513e-05,0,0,0,0.00900426586724937,0.00408813896837301,0,0,0,0.00900426586724937,0.00408813896837301,0,0,0,0,0,0,0,0,0,0,0,0,0,0,0,0,0,0,0.0109300197658753,0.00563187326714477,0,0,0,0.23445723759446,0.0969058123197615,0,0,0,0.0375131580151135,0.0155049299711618,0,0,0,0.00163229900290422,2.29536472089298e-09,0,0,0,0.00163151681501582,2.2946610171583e-09,0,0
190,0,7.3419288900742,0.0176487011235109,0,0,0,7.3419288900742,0.0176487011235109,0,0,0,0,0,0,0,0,0.000619961766093738,2.07641706068649e-06,0,0,0,2.82704199566481,1.18405691563622e-05,0,0,0,0.00939177237538142,0.00207137394216357,0,0,0,0.00939177237538142,0.00207137394216357,0,0,0,0,0,0,0,0,0,0,0,0,0,0,0,0,0,0,0.0109115364695415,0.00286782584857439,0,0,0,0.244888531821957,0.0505642102880588,0,0,0,0.0391821650915132,0.00809027364608942,0,0,0,0.00170736365510236,1.23325352501385e-09,0,0,0,0.00170654549668302,1.23287543908116e-09,0,0
191,0,6.64947610820465,0.00794910792898311,0,0,0,6.64947610820465,0.00794910792898311,0,0,0,0,0,0,0,0,0.000618913374847994,1.05733963985253e-06,0,0,0,2.56041000784936,5.33308153987186e-06,0,0,0,0.00851867758768069,0.00105057865665586,0,0,0,0.00851867758768069,0.00105057865665586,0,0,0,0,0,0,0,0,0,0,0,0,0,0,0,0,0,0,0.010893084429532,0.00146033569425403,0,0,0,0.222164627436126,0.0241864782886883,0,0,0,0.0355463403897801,0.00386983652619013,0,0,0,0.00154633394065812,5.55466677435792e-10,0,0,0,0.00154559294671176,5.5529638468369e-10,0,0
192,0,6.4861688496883,0.00396171400344233,0,0,0,6.4861688496883,0.00396171400344233,0,0,0,0,0,0,0,0,0.000617866756492554,5.38411639535369e-07,0,0,0,2.4975278300273,2.65792639963727e-06,0,0,0,0.00832457726300959,0.000537961981818552,0,0,0,0.00832457726300959,0.000537961981818552,0,0,0,0,0,0,0,0,0,0,0,0,0,0,0,0,0,0,0.0108746635929907,0.00074362267882532,0,0,0,0.217401333729314,0.0122271242285643,0,0,0,0.0347842133966902,0.00195633987657029,0,0,0,0.0015083568801363,2.76836109674569e-10,0,0,0,0.00150763408456948,2.7675123836741e-10,0,0
193,0,7.49761274294275,0.00241692933644804,0,0,0,7.49761274294275,0.00241692933644804,0,0,0,0,0,0,0,0,0.000616821908029359,2.74166486019191e-07,0,0,0,2.88698874762823,1.62152550230057e-06,0,0,0,0.00958604480784853,0.000273354393378366,0,0,0,0.00958604480784853,0.000273354393378366,0,0,0,0,0,0,0,0,0,0,0,0,0,0,0,0,0,0,0.0108562739071507,0.000378662721618823,0,0,0,0.249782112083101,0.0068007467228473,0,0,0,0.0399651379332961,0.00108811947565557,0,0,0,0.00174356789462223,1.68889857844165e-10,0,0,0,0.00174273238734853,1.68838080267107e-10,0,0
194,0,6.97167472197456,0.00112788755806843,0,0,0,6.97167472197456,0.00112788755806843,0,0,0,0,0,0,0,0,0.000615778826465417,1.39609281331618e-07,0,0,0,2.68447400052899,7.56703314224014e-07,0,0,0,0.0088504726431536,0.000138624839550565,0,0,0,0.0088504726431536,0.000138624839550565,0,0,0,0,0,0,0,0,0,0,0,0,0,0,0,0,0,0,0.0108379153193343,0.000192820177257472,0,0,0,0.231081246883352,0.00330632039964708,0,0,0,0.0369729995013363,0.000529011263943533,0,0,0,0.00162126114454575,7.88143726313181e-11,0,0,0,0.00162048424593286,7.87902100362143e-11,0,0
195,0,6.843497551062,0.000565282501771889,0,0,0,6.843497551062,0.000565282501771889,0,0,0,0,0,0,0,0,0.000614737508812801,7.10909335306821e-08,0,0,0,2.63511881737744,3.7924981041211e-07,0,0,0,0.00876227390719412,7.05164480072817e-05,0,0,0,0.00876227390719412,7.05164480072817e-05,0,0,0,0,0,0,0,0,0,0,0,0,0,0,0,0,0,0,0.0108195877769529,9.81866411318655e-05,0,0,0,0.228570103712277,0.00166965438652446,0,0,0,0.0365712165939643,0.000267144701843913,0,0,0,0.00159145357676533,3.95007334001554e-11,0,0,0,0.00159069096176006,3.94886234233125e-11,0,0
196,0,6.51202465439076,0.000267152500530751,0,0,0,6.51202465439076,0.000267152500530751,0,0,0,0,0,0,0,0,0.000613697952088633,3.62004644822068e-08,0,0,0,2.50748372129511,1.79233453821455e-07,0,0,0,0.00834445374609181,3.5938350707367e-05,0,0,0,0.00834445374609181,3.5938350707367e-05,0,0,0,0,0,0,0,0,0,0,0,0,0,0,0,0,0,0,0.010801291227507,4.99979651186777e-05,0,0,0,0.216511410801339,0.000820318644725025,0,0,0,0.0346418257282142,0.000131250983156004,0,0,0,0.00151436964079952,1.86680459196461e-11,0,0,0,0.00151364396395387,1.86623227448003e-11,0,0
197,0,6.79130488814208,0.000145252691977658,0,0,0,6.79130488814208,0.000145252691977658,0,0,0,0,0,0,0,0,0.000612660153315082,1.84337659340241e-08,0,0,0,2.61502180307106,9.74504884225212e-08,0,0,0,0.00869587088608995,1.83415532454963e-05,0,0,0,0.00869587088608995,1.83415532454963e-05,0,0,0,0,0,0,0,0,0,0,0,0,0,0,0,0,0,0,0.0107830256185856,2.54596397962854e-05,0,0,0,0.226674372732124,0.000431683846926735,0,0,0,0.0362678996371398,6.90694155082776e-05,0,0,0,0.00157931618656901,1.01499477579436e-11,0,0,0,0.0015785593877283,1.01468360275598e-11,0,0
198,0,6.46122924190507,6.98312112115527e-05,0,0,0,6.46122924190507,6.98312112115527e-05,0,0,0,0,0,0,0,0,0.000611624109519351,9.38672283270895e-09,0,0,0,2.48792472441102,4.68499794878072e-08,0,0,0,0.00822638003775049,9.32195531243366e-06,0,0,0,0.00822638003775049,9.32195531243366e-06,0,0,0,0,0,0,0,0,0,0,0,0,0,0,0,0,0,0,0.0107647908978667,1.29643927911244e-05,0,0,0,0.21579919778789,0.000213602522362516,0,0,0,0.0345278716460624,3.41764035780026e-05,0,0,0,0.00150255718082851,4.8796558330238e-12,0,0,0,0.0015018371644428,4.87815984765714e-12,0,0
199,0,6.80873440555099,3.76653200711871e-05,0,0,0,6.80873440555099,3.76653200711871e-05,0,0,0,0,0,0,0,0,0.000610589817733672,4.77984617216073e-09,0,0,0,2.6217331153729,2.5269781837106e-08,0,0,0,0.00870560248572442,4.77610607696253e-06,0,0,0,0.00870560248572442,4.77610607696253e-06,0,0,0,0,0,0,0,0,0,0,0,0,0,0,0,0,0,0,0.0107465870131163,6.6016440840366e-06,0,0,0,0.226050268974478,0.000112166378576439,0,0,0,0.0361680430359164,1.79466205722302e-05,0,0,0,0.00158336941631224,2.63197208811509e-12,0,0,0,0.00158261067518816,2.63116518864021e-12,0,0
200,0,7.10329527961436,0.472230477652688,0,0,0,7.10329527961436,0.472230477652688,0,0,0,0,0,0,0,0,0.000609557274995294,0.000190027788390147,0,0,0,2.73515507487767,0.000316820914426381,0,0,0,0.00907329162460032,1.79005772315603,0,0,0,0.00907329162460032,1.79005772315603,0,0,0,0,0,0,0,0,0,0,0,0,0,0,0,0,0,0,0.0107284139121892,16.586307663861,0,0,0,0.236781227477425,47.2575184870219,0,0,0,0.037884996396388,7.56120295792351,0,0,0,0.00165186947101461,3.29984567764211e-08,0,0,0,0.00165107790507532,3.29883402415364e-08,0,0
201,0,6.8261360274051,1.6145611287011,0,0,0,6.8261360274051,1.6145611287011,0,0,0,0,0,0,0,0,0.000608526478346476,0.000191248573281512,0,0,0,2.62843368636873,0.00108321414520938,0,0,0,0.00875227910429884,0.440586640930409,0,0,0,0.00875227910429884,0.440586640930409,0,0,0,0,0,0,0,0,0,0,0,0,0,0,0,0,0,0,0.0107102715430281,2.23754586761724,0,0,0,0.228935896128836,10.3356024211602,0,0,0,0.0366297433806137,1.65369638738564,0,0,0,0.00158741615895145,1.12822081885019e-07,0,0,0,0.00158665547865258,1.12787493342443e-07,0,0
202,0,6.94693533506126,0.850897998617867,0,0,0,6.94693533506126,0.850897998617867,0,0,0,0,0,0,0,0,0.00060749742483448,0.000104196763067614,0,0,0,2.67494799083889,0.000570870146598119,0,0,0,0.00889171202431491,0.10382929552931,0,0,0,0.00889171202431491,0.10382929552931,0,0,0,0,0,0,0,0,0,0,0,0,0,0,0,0,0,0,0.0106921598536638,0.14398618453843,0,0,0,0.231622655086915,2.48547034349317,0,0,0,0.0370596248139065,0.397675254958907,0,0,0,0.00161550800654923,5.94589340529302e-08,0,0,0,0.00161473386480554,5.9440705370764e-08,0,0
203,0,7.71591890680469,0.531722471114873,0,0,0,7.71591890680469,0.531722471114873,0,0,0,0,0,0,0,0,0.00067806441244054,5.30586617362365e-05,0,0,0,2.97104849573945,0.000356734280169792,0,0,0,0.0102226430722232,0.273113654089672,0,0,0,0.0102226430722232,0.273113654089672,0,0,0,0,0,0,0,0,0,0,0,0,0,0,0,0,0,0,0.0172871951286691,1.85405495839057,0,0,0,0.266985172946659,7.11698534382915,0,0,0,0.0427176276714655,1.13871765501266,0,0,0,0.00179433493628707,3.71556301646429e-08,0,0,0,0.00179347510175161,3.71442391401696e-08,0,0
204,0,7.61502593261686,0.324657549994754,0,0,0,7.61502593261686,0.324657549994754,0,0,0,0,0,0,0,0,0.000677709355485173,4.0493863469858e-05,0,0,0,2.93219921248337,0.000217813772579955,0,0,0,0.00973239590437903,0.0436366714722763,0,0,0,0.00973239590437903,0.0436366714722763,0,0,0,0,0,0,0,0,0,0,0,0,0,0,0,0,0,0,0.0119283895917526,0.0818925460827199,0,0,0,0.254965233904665,1.03180480001152,0,0,0,0.0407944374247464,0.165088768001844,0,0,0,0.00177087230136338,2.26863759067239e-08,0,0,0,0.0017700237099818,2.26794208083439e-08,0,0
205,0,7.84564786090756,0.171863253822224,0,0,0,7.84564786090756,0.171863253822224,0,0,0,0,0,0,0,0,0.000676563326692478,2.07096296650907e-05,0,0,0,3.02100119983038,0.000115303598155933,0,0,0,0.0100596128368005,0.0207730989023729,0,0,0,0.0100596128368005,0.0207730989023729,0,0,0,0,0,0,0,0,0,0,0,0,0,0,0,0,0,0,0.0119077430527274,0.028603925831578,0,0,0,0.261791423869738,0.499612410437667,0,0,0,0.041886627819158,0.0799379856700267,0,0,0,0.00182450337084507,1.2009436961582e-08,0,0,0,0.00182362907977678,1.20057551564361e-08,0,0
206,0,7.28866959951491,0.0803795727797649,0,0,0,7.28866959951491,0.0803795727797649,0,0,0,0,0,0,0,0,0.000675419218930212,1.05456268512512e-05,0,0,0,2.8065342716968,5.3926908478822e-05,0,0,0,0.00933694083293061,0.0104666966974862,0,0,0,0.00933694083293061,0.0104666966974862,0,0,0,0,0,0,0,0,0,0,0,0,0,0,0,0,0,0,0.0118876063696997,0.0145650033055787,0,0,0,0.243466927008733,0.242690434379492,0,0,0,0.0389547083213973,0.0388304695007187,0,0,0,0.00169497822092574,5.61675280101474e-09,0,0,0,0.00169416599753214,5.61503083940802e-09,0,0
207,0,7.06541752281819,0.0389832700788342,0,0,0,7.06541752281819,0.0389832700788342,0,0,0,0,0,0,0,0,0.000674277045920423,5.36997576657748e-06,0,0,0,2.72057007810535,2.6153998647225e-05,0,0,0,0.00902555958361774,0.00535261020881192,0,0,0,0.00902555958361774,0.00535261020881192,0,0,0,0,0,0,0,0,0,0,0,0,0,0,0,0,0,0,0.0118675037389692,0.00741669657850529,0,0,0,0.234399902500765,0.121002117956652,0,0,0,0.0375039844001224,0.0193603388730643,0,0,0,0.00164306100851669,2.72406761862174e-09,0,0,0,0.00164227366353978,2.72323248486749e-09,0,0
208,0,6.94521844691755,0.0196591335475487,0,0,0,6.94521844691755,0.0196591335475487,0,0,0,0,0,0,0,0,0.000673136804391331,2.7344642608419e-06,0,0,0,2.67428689551138,1.31893746001408e-05,0,0,0,0.0089042754297561,0.00270993518171565,0,0,0,0.0089042754297561,0.00270993518171565,0,0,0,0,0,0,0,0,0,0,0,0,0,0,0,0,0,0,0.0118474351029513,0.00377668216934188,0,0,0,0.23099176573818,0.061149793053155,0,0,0,0.0369586825181088,0.0097839668885048,0,0,0,0.00161510874465765,1.37373824716962e-09,0,0,0,0.00161433479423787,1.37331709199275e-09,0,0
209,0,6.86341948763091,0.00985410684988586,0,0,0,6.86341948763091,0.00985410684988586,0,0,0,0,0,0,0,0,0.000671998491076692,1.39242617077717e-06,0,0,0,2.64278984663399,6.61115131440591e-06,0,0,0,0.00877589774999042,0.00138570537662219,0,0,0,0.00877589774999042,0.00138570537662219,0,0,0,0,0,0,0,0,0,0,0,0,0,0,0,0,0,0,0.0118274004041589,0.00192313762026643,0,0,0,0.228930339760321,0.0309828836607447,0,0,0,0.0366288543616513,0.00495726138571915,0,0,0,0.0015960864179364,6.88583931669372e-10,0,0,0,0.00159532158290145,6.88372828361937e-10,0,0
210,0,6.83275540001143,0.00500299261122373,0,0,0,6.83275540001143,0.00500299261122373,0,0,0,0,0,0,0,0,0.000670862102715782,7.09042231354018e-07,0,0,0,2.63098250489084,3.35652349639764e-06,0,0,0,0.00877004045916207,0.000706775105042471,0,0,0,0.00877004045916207,0.000706775105042471,0,0,0,0,0,0,0,0,0,0,0,0,0,0,0,0,0,0,0.0118073995852024,0.000979287676497419,0,0,0,0.22869352822524,0.0157693733866407,0,0,0,0.0365909645160384,0.00252309974186251,0,0,0,0.00158895549233058,3.49598433914806e-10,0,0,0,0.00158819407439238,3.4949125542533e-10,0,0
211,0,8.00110300258419,0.00311003223584571,0,0,0,8.00110300258419,0.00311003223584571,0,0,0,0,0,0,0,0,0.000669727636053394,3.61053890248908e-07,0,0,0,3.08085988554388,2.08653041996335e-06,0,0,0,0.010193963154752,0.000360411019035912,0,0,0,0.010193963154752,0.000360411019035912,0,0,0,0,0,0,0,0,0,0,0,0,0,0,0,0,0,0,0.0117874325887888,0.000498666524555249,0,0,0,0.266290931562207,0.00885514625459163,0,0,0,0.0426065490499531,0.00141682340073466,0,0,0,0.0018606544236367,2.17322407520062e-10,0,0,0,0.00185976280920082,2.17255781685654e-10,0,0
212,0,6.99338316999097,0.00134735109247733,0,0,0,6.99338316999097,0.00134735109247733,0,0,0,0,0,0,0,0,0.000668595087839824,1.83853522257665e-07,0,0,0,2.69283293387226,9.03942090510305e-07,0,0,0,0.00888485694036274,0.00018180267473987,0,0,0,0.00888485694036274,0.00018180267473987,0,0,0,0,0,0,0,0,0,0,0,0,0,0,0,0,0,0,0.0117674993577224,0.000253927736128992,0,0,0,0.230289506054447,0.00414345614007717,0,0,0,0.0368463209687115,0.000662952982412347,0,0,0,0.0016263094384896,9.41500154940791e-11,0,0,0,0.00162553012076453,9.4121151358929e-11,0,0
213,0,7.708425195644,0.000768074880657279,0,0,0,7.708425195644,0.000768074880657279,0,0,0,0,0,0,0,0,0.000667464454830864,9.36206991794125e-08,0,0,0,2.96816300931322,5.15303855963196e-07,0,0,0,0.00988443155346578,9.38889388994208e-05,0,0,0,0.00988443155346578,9.38889388994208e-05,0,0,0,0,0,0,0,0,0,0,0,0,0,0,0,0,0,0,0.011747599834904,0.000129303436265554,0,0,0,0.257525396296386,0.00224547873345253,0,0,0,0.0412040634074217,0.000359276597352405,0,0,0,0.00179259227570439,5.36714315357357e-11,0,0,0,0.00179173327624142,5.36549771629412e-11,0,0
214,0,7.08333364770657,0.00035620236498184,0,0,0,7.08333364770657,0.00035620236498184,0,0,0,0,0,0,0,0,0.000666335733787792,4.76729257466083e-08,0,0,0,2.72746876075637,2.38977288283764e-07,0,0,0,0.00908876004039058,4.76441921729282e-05,0,0,0,0.00908876004039058,4.76441921729282e-05,0,0,0,0,0,0,0,0,0,0,0,0,0,0,0,0,0,0,0.0117277339633309,6.58430578910333e-05,0,0,0,0.236904859403125,0.00109061825066128,0,0,0,0.0379047775045,0.000174498920105805,0,0,0,0.0016472273987028,2.48906601770779e-11,0,0,0,0.00164643805721671,2.48830292980434e-11,0,0
215,0,6.92006640817599,0.000175569114307103,0,0,0,6.92006640817599,0.000175569114307103,0,0,0,0,0,0,0,0,0.000665208921477364,2.42756983141759e-08,0,0,0,2.66460199242071,1.1778987162433e-07,0,0,0,0.00887485804506928,2.41855599870907e-05,0,0,0,0.00887485804506928,2.41855599870907e-05,0,0,0,0,0,0,0,0,0,0,0,0,0,0,0,0,0,0,0.0117079016860971,3.35281752569855e-05,0,0,0,0.231878687364943,0.000546011103635151,0,0,0,0.0371005899783909,8.73617765816242e-05,0,0,0,0.00160925964458572,1.22683945740547e-11,0,0,0,0.00160848849701959,1.22646333787197e-11,0,0
216,0,7.2732391892336,9.57513302660193e-05,0,0,0,7.2732391892336,9.57513302660193e-05,0,0,0,0,0,0,0,0,0.000664084014671801,1.23615137819144e-08,0,0,0,2.80059272438291,6.42398689792612e-08,0,0,0,0.00931888639250833,1.23227841810491e-05,0,0,0,0.00931888639250833,1.23227841810491e-05,0,0,0,0,0,0,0,0,0,0,0,0,0,0,0,0,0,0,0.0116881029463924,1.70730001319733e-05,0,0,0,0.243715776451198,0.000287374630739043,0,0,0,0.0389945242321917,4.59799409182469e-05,0,0,0,0.00169138988302543,6.69089836974032e-12,0,0,0,0.00169057937914183,6.68884710088172e-12,0,0
217,0,8.36611354487048,5.79911028394028e-05,0,0,0,8.36611354487048,5.79911028394028e-05,0,0,0,0,0,0,0,0,0.000662961010148785,6.29464994179912e-09,0,0,0,3.22140879950828,3.89064134985513e-08,0,0,0,0.0106901687653627,6.28111862954791e-06,0,0,0,0.0106901687653627,6.28111862954791e-06,0,0,0,0,0,0,0,0,0,0,0,0,0,0,0,0,0,0,0.0116683376875031,8.69380248916556e-06,0,0,0,0.278930453550684,0.000159846662497661,0,0,0,0.0446288725681094,2.55754659996258e-05,0,0,0,0.00194553753037332,4.05229435841376e-12,0,0,0,0.00194460524046199,4.05105202221854e-12,0,0
218,0,7.85038841852641,2.72662932415977e-05,0,0,0,7.85038841852641,2.72662932415977e-05,0,0,0,0,0,0,0,0,0.000661839904691446,3.20532085218897e-09,0,0,0,3.02282657238193,1.82930419924616e-08,0,0,0,0.0100300553799203,3.21165288863088e-06,0,0,0,0.0100300553799203,3.21165288863088e-06,0,0,0,0,0,0,0,0,0,0,0,0,0,0,0,0,0,0,0.011648605852811,4.42700176514821e-06,0,0,0,0.262095860296528,7.82599234268538e-05,0,0,0,0.0419353376474445,1.25215877482966e-05,0,0,0,0.00182560578628719,1.90531031257966e-12,0,0,0,0.00182473096694803,1.90472619016527e-12,0,0
219,0,8.03743708473946,1.43720116158016e-05,0,0,0,8.03743708473946,1.43720116158016e-05,0,0,0,0,0,0,0,0,0.000660720695088353,1.63219271292103e-09,0,0,0,3.09485048360943,9.6422278479317e-09,0,0,0,0.0102794692820603,1.63138340242852e-06,0,0,0,0.0102794692820603,1.63138340242852e-06,0,0,0,0,0,0,0,0,0,0,0,0,0,0,0,0,0,0,0.011628907385794,2.25428915056315e-06,0,0,0,0.268921693246436,4.05145192525313e-05,0,0,0,0.0430274709194298,6.48232308040501e-06,0,0,0,0.0018691039049981,1.00428546342799e-12,0,0,0,0.00186820824162145,1.00397757360776e-12,0,0
220,0,7.70524597117038,6.97832927366617e-06,0,0,0,7.70524597117038,6.97832927366617e-06,0,0,0,0,0,0,0,0,0.000659603378133507,8.31134596187146e-10,0,0,0,2.96693883495317,4.68178308321162e-09,0,0,0,0.00987207557108543,8.32750381113999e-07,0,0,0,0.00987207557108543,8.32750381113999e-07,0,0,0,0,0,0,0,0,0,0,0,0,0,0,0,0,0,0,0.0116092422300253,1.14791451279627e-06,0,0,0,0.259477606481947,2.01620148998784e-05,0,0,0,0.0415164170371115,3.22592238398054e-06,0,0,0,0.00179185294787938,4.87630739238451e-13,0,0,0,0.00179099430269787,4.87481243356938e-13,0,0
221,0,6.98743055838141,3.15317931545075e-06,0,0,0,6.98743055838141,3.15317931545075e-06,0,0,0,0,0,0,0,0,0.000658487950626331,4.23224973074974e-10,0,0,0,2.69054085460316,2.1154779315328e-09,0,0,0,0.00892666682878286,4.21310843148335e-07,0,0,0,0.00892666682878286,4.21310843148335e-07,0,0,0,0,0,0,0,0,0,0,0,0,0,0,0,0,0,0,0.0115896103291738,5.84533589384098e-07,0,0,0,0.231557936475697,9.64761594906711e-06,0,0,0,0.0370492698361115,1.54361855185074e-06,0,0,0,0.00162492516020697,2.20337433251677e-13,0,0,0,0.00162414650581975,2.20269883082741e-13,0,0
222,0,6.60200145277587,1.4953599233845e-06,0,0,0,6.60200145277587,1.4953599233845e-06,0,0,0,0,0,0,0,0,0.00065737440937166,2.15511878167541e-10,0,0,0,2.54212968306873,1.00324168121922e-09,0,0,0,0.0084702229473825,2.14190994703045e-07,0,0,0,0.0084702229473825,2.14190994703045e-07,0,0,0,0,0,0,0,0,0,0,0,0,0,0,0,0,0,0,0.0115700116270035,2.97652406437427e-07,0,0,0,0.221768298431341,4.74903870386255e-06,0,0,0,0.0354829277490145,7.59846192618009e-07,0,0,0,0.00153529372187758,1.0449255635145e-13,0,0,0,0.00153455801833782,1.04460521441494e-13,0,0
223,0,7.63814898489902,0.104511329163374,0,0,0,7.63814898489902,0.104511329163374,0,0,0,0,0,0,0,0,0.000728035604648018,1.43187112079957e-05,0,0,0,2.94110284541803,7.01169798231637e-05,0,0,0,0.0101068750954125,0.219860243973272,0,0,0,0.0101068750954125,0.219860243973272,0,0,0,0,0,0,0,0,0,0,0,0,0,0,0,0,0,0,0.0181667670143891,1.80462179523756,0,0,0,0.263590358908716,5.80431007220017,0,0,0,0.0421744574253946,0.928689611552028,0,0,0,0.00177624956116155,7.30302837543733e-09,0,0,0,0.00177539839302934,7.3007894422101e-09,0,0
224,0,8.59356007749508,0.100756629594741,0,0,0,8.59356007749508,0.100756629594741,0,0,0,0,0,0,0,0,0.000727392333524782,1.18399435790809e-05,0,0,0,3.3089880867944,6.75979400596913e-05,0,0,0,0.0109914702329026,0.0121663413741395,0,0,0,0.0109914702329026,0.0121663413741395,0,0,0,0,0,0,0,0,0,0,0,0,0,0,0,0,0,0,0.0128023552287303,0.0194741734996256,0,0,0,0.287592076845444,0.29723964005296,0,0,0,0.0460147322952711,0.0475583424084735,0,0,0,0.00199843016241819,7.04065799214515e-09,0,0,0,0.00199747252667494,7.03849949538055e-09,0,0
225,0,7.65043937617448,0.0443678714708439,0,0,0,7.65043937617448,0.0443678714708439,0,0,0,0,0,0,0,0,0.000726162271128697,6.0398320550543e-06,0,0,0,2.94583531460959,2.97665446762696e-05,0,0,0,0.00981309706868371,0.00602673208619526,0,0,0,0.00981309706868371,0.00602673208619526,0,0,0,0,0,0,0,0,0,0,0,0,0,0,0,0,0,0,0.0127807012263847,0.0083419826754047,0,0,0,0.256215202263229,0.13695706835603,0,0,0,0.0409944323621167,0.0219131309369647,0,0,0,0.00177910768845819,3.10033205876481e-09,0,0,0,0.00177825515072853,3.09938157136357e-09,0,0
226,0,7.95345177175225,0.0239150103086628,0,0,0,7.95345177175225,0.0239150103086628,0,0,0,0,0,0,0,0,0.000724934288679332,3.07556455247663e-06,0,0,0,3.062511569628,1.60446557201659e-05,0,0,0,0.0101406462470179,0.00305179280185467,0,0,0,0.0101406462470179,0.00305179280185467,0,0,0,0,0,0,0,0,0,0,0,0,0,0,0,0,0,0,0.0127590883205362,0.00424778995465271,0,0,0,0.265196483965015,0.0714600501367639,0,0,0,0.0424314374344024,0.0114336080218822,0,0,0,0.00184957314229205,1.67112982182077e-09,0,0,0,0.0018486868379397,1.67061749352452e-09,0,0
227,0,8.26212364476325,0.0127529209974917,0,0,0,8.26212364476325,0.0127529209974917,0,0,0,0,0,0,0,0,0.000723708382819395,1.56611905086953e-06,0,0,0,3.18136703131224,8.55597485388118e-06,0,0,0,0.0105744470028125,0.00155932590486747,0,0,0,0.0105744470028125,0.00155932590486747,0,0,0,0,0,0,0,0,0,0,0,0,0,0,0,0,0,0,0.0127375119633631,0.00216303207146855,0,0,0,0.276190313188396,0.0372901428728602,0,0,0,0.0441904501101434,0.00596642285965763,0,0,0,0.00192135470613201,8.91146870487143e-10,0,0,0,0.00192043400448496,8.90873666244177e-10,0,0
228,0,7.70753288959462,0.586897410865218,0,0,0,7.70753288959462,0.586897410865218,0,0,0,0,0,0,0,0,0.000722484550037254,0.000191665007572619,0,0,0,2.96781942294616,0.000393751320984301,0,0,0,0.00987641890367843,1.8840792435688,0,0,0,0.00987641890367843,1.8840792435688,0,0,0,0,0,0,0,0,0,0,0,0,0,0,0,0,0,0,0.0127159720930593,16.5869696473932,0,0,0,0.256727373624122,49.7369620187058,0,0,0,0.0410763797798595,7.95791392299293,0,0,0,0.00179238477016453,4.1011137063612e-08,0,0,0,0.00179152587013697,4.09985640332556e-08,0,0
229,0,7.2641242739386,1.37905177731964,0,0,0,7.2641242739386,1.37905177731964,0,0,0,0,0,0,0,0,0.000721262786827215,0.00019059895269281,0,0,0,2.79708298617763,0.000925210179790789,0,0,0,0.00932580919762539,0.353083248889531,0,0,0,0.00932580919762539,0.353083248889531,0,0,0,0,0,0,0,0,0,0,0,0,0,0,0,0,0,0,0.0126944686479235,1.55509629557941,0,0,0,0.244286701144362,7.63230749433033,0,0,0,0.0390858721830979,1.22116919909285,0,0,0,0.00168927021184269,9.63651916168732e-08,0,0,0,0.0016884607236928,9.6335648361888e-08,0,0
230,0,7.66791427950483,0.760780827289563,0,0,0,7.66791427950483,0.760780827289563,0,0,0,0,0,0,0,0,0.000720043089689511,0.000101513866437691,0,0,0,2.95256410296,0.000510410252591128,0,0,0,0.00978924615956319,0.100856867649654,0,0,0,0.00978924615956319,0.100856867649654,0,0,0,0,0,0,0,0,0,0,0,0,0,0,0,0,0,0,0.0126730015663586,0.140254577678546,0,0,0,0.25443979221836,2.31834176254828,0,0,0,0.0407103667549375,0.370934682007725,0,0,0,0.00178317147268566,5.31617386714041e-08,0,0,0,0.00178231698761498,5.31454405582092e-08,0,0
231,0,8.27445249471667,0.424985590424931,0,0,0,8.27445249471667,0.424985590424931,0,0,0,0,0,0,0,0,0.000718825455130294,5.16924042649434e-05,0,0,0,3.18611430918682,0.00028512417081959,0,0,0,0.0105923913313191,0.051580720899921,0,0,0,0.0105923913313191,0.051580720899921,0,0,0,0,0,0,0,0,0,0,0,0,0,0,0,0,0,0,0.0126515707868717,0.0713945285270607,0,0,0,0.276436671643859,1.23805830833142,0,0,0,0.0442298674630174,0.198089329333027,0,0,0,0.00192422177698422,2.96970850038041e-08,0,0,0,0.00192329970145402,2.9687980590272e-08,0,0
232,0,8.26732239517707,0.217449836812362,0,0,0,8.26732239517707,0.217449836812362,0,0,0,0,0,0,0,0,0.000717609879661625,2.63224711244468e-05,0,0,0,3.18336883301379,0.000145887780228002,0,0,0,0.0105869737262458,0.0263145801256941,0,0,0,0.0105869737262458,0.0263145801256941,0,0,0,0,0,0,0,0,0,0,0,0,0,0,0,0,0,0,0.0126301762480739,0.0363550582000684,0,0,0,0.276856138387293,0.632573142752388,0,0,0,0.0442969821419668,0.101211702840382,0,0,0,0.00192256367418951,1.51949299773276e-08,0,0,0,0.00192164239321222,1.51902715764749e-08,0,0
233,0,7.20150794313658,0.0928953518336339,0,0,0,7.20150794313658,0.0928953518336339,0,0,0,0,0,0,0,0,0.000716396359801462,1.3403758168674e-05,0,0,0,2.77297229272879,6.23237840560093e-05,0,0,0,0.00925366409256577,0.0133845845553055,0,0,0,0.00925366409256577,0.0133845845553055,0,0,0,0,0,0,0,0,0,0,0,0,0,0,0,0,0,0,0.01260881788868,0.0185124871451843,0,0,0,0.242483964749829,0.295974433315456,0,0,0,0.0387974343599726,0.047355909330473,0,0,0,0.00167470880038966,6.49132869917624e-09,0,0,0,0.00167390628998077,6.48933861358897e-09,0,0
234,0,7.47390730745545,0.049916475003699,0,0,0,7.47390730745545,0.049916475003699,0,0,0,0,0,0,0,0,0.000715184892073652,6.82537487437614e-06,0,0,0,2.87786086548015,3.34891202580208e-05,0,0,0,0.00959313422938737,0.00681904946487062,0,0,0,0.00959313422938737,0.00681904946487062,0,0,0,0,0,0,0,0,0,0,0,0,0,0,0,0,0,0,0.0125874956475087,0.0094268087377357,0,0,0,0.250226599920664,0.154544559496403,0,0,0,0.0400362559873062,0.0247271295194245,0,0,0,0.00173805520176108,3.48805661809128e-09,0,0,0,0.00173722233613672,3.48698726364553e-09,0,0
235,0,8.86110274748357,0.0313784061947342,0,0,0,8.86110274748357,0.0313784061947342,0,0,0,0,0,0,0,0,0.00071397547300792,3.47557316310294e-06,0,0,0,3.41200656804288,2.10518715210281e-05,0,0,0,0.0113161882208206,0.00347523101380682,0,0,0,0.0113161882208206,0.00347523101380682,0,0,0,0,0,0,0,0,0,0,0,0,0,0,0,0,0,0,0.0125662094634818,0.00480025845695006,0,0,0,0.296762110264799,0.0874206345032299,0,0,0,0.0474819376423679,0.0139873015205168,0,0,0,0.0020606471407854,2.19265597950554e-09,0,0,0,0.00205965969103942,2.19198376380596e-09,0,0
236,0,8.47477265573271,0.0151404746901892,0,0,0,8.47477265573271,0.0151404746901892,0,0,0,0,0,0,0,0,0.000712768099139861,1.76980884338393e-06,0,0,0,3.26324846783228,1.01577921442909e-05,0,0,0,0.0108401801915125,0.00176481184372407,0,0,0,0.0108401801915125,0.00176481184372407,0,0,0,0,0,0,0,0,0,0,0,0,0,0,0,0,0,0,0.0125449592756247,0.00244435650436834,0,0,0,0.283869125377454,0.0432360243226791,0,0,0,0.0454190600603927,0.00691776389162865,0,0,0,0.00197080617836209,1.05798402111216e-09,0,0,0,0.00196986177986626,1.0576596686029e-09,0,0
237,0,8.73000250393189,0.00799853472396356,0,0,0,8.73000250393189,0.00799853472396356,0,0,0,0,0,0,0,0,0.000711562767010926,9.01210590348664e-07,0,0,0,3.36152584292123,5.36624213226037e-06,0,0,0,0.0111649616071767,0.00090414609057694,0,0,0,0.0111649616071767,0.00090414609057694,0,0,0,0,0,0,0,0,0,0,0,0,0,0,0,0,0,0,0.0125237450230658,0.00124469937900887,0,0,0,0.290731174139415,0.0224999148147359,0,0,0,0.0465169878623064,0.00359998637035775,0,0,0,0.0020301598132225,5.58920516260144e-10,0,0,0,0.00202918697282097,5.58749164643951e-10,0,0
238,0,7.71287477054318,0.00353691105653895,0,0,0,7.71287477054318,0.00353691105653895,0,0,0,0,0,0,0,0,0.000710359473168418,4.58908616708932e-07,0,0,0,2.96987633768935,2.3729247649314e-06,0,0,0,0.0098707424974411,0.000455256959573354,0,0,0,0.0098707424974411,0.000455256959573354,0,0,0,0,0,0,0,0,0,0,0,0,0,0,0,0,0,0,0.0125025666450364,0.000633817751762591,0,0,0,0.256598389118042,0.0106144962513066,0,0,0,0.0410557422588866,0.00169831940020906,0,0,0,0.00179362702319068,2.47151787409802e-10,0,0,0,0.00179276752788293,2.47076016603425e-10,0,0
239,0,7.71976187855216,0.00178098995760806,0,0,0,7.71976187855216,0.00178098995760806,0,0,0,0,0,0,0,0,0.000709158214165474,2.3368247193837e-07,0,0,0,2.97252824890526,1.19487177057763e-06,0,0,0,0.00985613892548542,0.000232632338466981,0,0,0,0.00985613892548542,0.000232632338466981,0,0,0,0,0,0,0,0,0,0,0,0,0,0,0,0,0,0,0.0124814240808706,0.000322748568228006,0,0,0,0.257466300666591,0.00538593419543372,0,0,0,0.0411946081066545,0.000861749471269395,0,0,0,0.00179522861836809,1.24451772845109e-10,0,0,0,0.00179436835558554,1.24413618918397e-10,0,0
240,0,7.24409807146443,0.000843362395327185,0,0,0,7.24409807146443,0.000843362395327185,0,0,0,0,0,0,0,0,0.000707958986561064,1.18994274029643e-07,0,0,0,2.78937180887589,5.65814486622135e-07,0,0,0,0.00924290634908996,0.000118314342873962,0,0,0,0.00924290634908996,0.000118314342873962,0,0,0,0,0,0,0,0,0,0,0,0,0,0,0,0,0,0,0.0124603172700051,0.000164347934407879,0,0,0,0.240932942821753,0.00264818886972865,0,0,0,0.0385492708514804,0.000423710219156584,0,0,0,0.00168461312366245,5.89323621960949e-11,0,0,0,0.00168380586716127,5.89142949482222e-11,0,0
241,0,8.4970890515258,0.000525746665002862,0,0,0,8.4970890515258,0.000525746665002862,0,0,0,0,0,0,0,0,0.000706761786919975,6.05934931036513e-08,0,0,0,3.27184149413961,3.52725093032501e-07,0,0,0,0.0108711920350558,6.0587152455421e-05,0,0,0,0.0108711920350558,6.0587152455421e-05,0,0,0,0,0,0,0,0,0,0,0,0,0,0,0,0,0,0,0.0124392461519789,8.36881901364631e-05,0,0,0,0.284662326999105,0.00149301685712129,0,0,0,0.0455459723198568,0.000238882697139407,0,0,0,0.00197599585040339,3.67380536018771e-11,0,0,0,0.00197504896504785,3.67267905963561e-11,0,0
242,0,8.36915003481887,0.000264001406847692,0,0,0,8.36915003481887,0.000264001406847692,0,0,0,0,0,0,0,0,0.000705566611812803,3.08550258946712e-08,0,0,0,3.2225780133119,1.77119375147261e-07,0,0,0,0.0107030629291518,3.08724401590236e-05,0,0,0,0.0107030629291518,3.08724401590236e-05,0,0,0,0,0,0,0,0,0,0,0,0,0,0,0,0,0,0,0.0124182106664335,4.26151578573233e-05,0,0,0,0.280490392615288,0.000755113070505365,0,0,0,0.044878462818446,0.000120818091280858,0,0,0,0.00194624366532158,1.84478542259297e-11,0,0,0,0.00194531103703462,1.84421985565725e-11,0,0
243,0,8.36159065184514,0.000133917232535873,0,0,0,8.36159065184514,0.000133917232535873,0,0,0,0,0,0,0,0,0.000704373457815946,1.57117963364858e-08,0,0,0,3.21966723966536,8.98454929896965e-08,0,0,0,0.0106968894763608,1.56846685120175e-05,0,0,0,0.0106968894763608,1.56846685120175e-05,0,0,0,0,0,0,0,0,0,0,0,0,0,0,0,0,0,0,0.0123972107531122,2.17002145254104e-05,0,0,0,0.27901046051267,0.000383287976419501,0,0,0,0.0446416736820273,6.13260762271202e-05,0,0,0,0.00194448573277585,9.35785007231795e-12,0,0,0,0.00194355394687961,9.35498118007418e-12,0,0
244,0,7.81238435961083,0.105392979726518,0,0,0,7.81238435961083,0.105392979726518,0,0,0,0,0,0,0,0,0.000774922098780032,1.43238865607786e-05,0,0,0,3.00819294242328,7.0708481962137e-05,0,0,0,0.0103973398230837,0.220723812848849,0,0,0,0.0103973398230837,0.220723812848849,0,0,0,0,0,0,0,0,0,0,0,0,0,0,0,0,0,0,0.0189920433433441,1.80463025685067,0,0,0,0.271411204179961,5.82707620460926,0,0,0,0.0434257926687938,0.932332192737482,0,0,0,0.00181676795226423,7.36463623299121e-09,0,0,0,0.00181589736796211,7.36237841227344e-09,0,0
245,0,8.45021909220052,0.0911265002832939,0,0,0,8.45021909220052,0.0911265002832939,0,0,0,0,0,0,0,0,0.000774232560146301,1.18439617409812e-05,0,0,0,3.25379401025199,6.11370559810894e-05,0,0,0,0.0107890831945391,0.0121918681865042,0,0,0,0.0107890831945391,0.0121918681865042,0,0,0,0,0,0,0,0,0,0,0,0,0,0,0,0,0,0,0.0136267590371177,0.0194797231499244,0,0,0,0.280641823180482,0.282772302919591,0,0,0,0.0449026917088771,0.0452435684671346,0,0,0,0.00196509625354454,6.36772513229522e-09,0,0,0,0.00196415459121042,6.36577294059506e-09,0,0
246,0,8.99968262706326,0.0504217963712438,0,0,0,8.99968262706326,0.0504217963712438,0,0,0,0,0,0,0,0,0.000772923288214685,6.04187815741828e-06,0,0,0,3.46536735989903,3.38281419546731e-05,0,0,0,0.011542483080089,0.00606298504629,0,0,0,0.011542483080089,0.00606298504629,0,0,0,0,0,0,0,0,0,0,0,0,0,0,0,0,0,0,0.0136037109201945,0.00834480863236649,0,0,0,0.30120965577475,0.146208676563861,0,0,0,0.0481935449239599,0.0233933882502178,0,0,0,0.00209287385576254,3.52336739554897e-09,0,0,0,0.0020918709631681,3.52228721566631e-09,0,0
247,0,9.28413884963361,0.0267585372469499,0,0,0,9.28413884963361,0.0267585372469499,0,0,0,0,0,0,0,0,0.000771616230177701,3.07660645546308e-06,0,0,0,3.57489847892441,1.79523868968197e-05,0,0,0,0.011880203275763,0.00307709778215177,0,0,0,0.011880203275763,0.00307709778215177,0,0,0,0,0,0,0,0,0,0,0,0,0,0,0,0,0,0,0.0135807062572969,0.00424922897014377,0,0,0,0.310914042727793,0.0759100764797458,0,0,0,0.0497462468364469,0.0121456122367593,0,0,0,0.00215902407638657,1.86982940858202e-09,0,0,0,0.00215798948500331,1.86925616376126e-09,0,0
248,0,8.56808586472111,0.0124239237484113,0,0,0,8.56808586472111,0.0124239237484113,0,0,0,0,0,0,0,0,0.000770311382451543,1.56664960195645e-06,0,0,0,3.29917912917621,8.33524956351973e-06,0,0,0,0.0109287690725907,0.00155582892690745,0,0,0,0.0109287690725907,0.00155582892690745,0,0,0,0,0,0,0,0,0,0,0,0,0,0,0,0,0,0,0.0135577404966164,0.00216376483761167,0,0,0,0.283854584759059,0.0367632964530796,0,0,0,0.0454167335614494,0.00588212743249274,0,0,0,0.00199250614085875,8.6815724568083e-10,0,0,0,0.00199155134387109,8.67891089505078e-10,0,0
249,0,8.3640367365365,0.00608960906280745,0,0,0,8.3640367365365,0.00608960906280745,0,0,0,0,0,0,0,0,0.000769008741298448,7.97759157960309e-07,0,0,0,3.22060911532922,4.08553789532574e-06,0,0,0,0.0107005172238864,0.000795905631687733,0,0,0,0.0107005172238864,0.000795905631687733,0,0,0,0,0,0,0,0,0,0,0,0,0,0,0,0,0,0,0.0135348135723671,0.00110181830877916,0,0,0,0.278760757973806,0.0184209250557385,0,0,0,0.0446017212758089,0.00294734800891816,0,0,0,0.00194505456913504,4.25528869807817e-10,0,0,0,0.00194412251065584,4.25398412869027e-10,0,0
250,0,8.93168396802485,0.00338554417507459,0,0,0,8.93168396802485,0.00338554417507459,0,0,0,0,0,0,0,0,0.000767708302986974,4.06229748703712e-07,0,0,0,3.43918417730101,2.27137224752976e-06,0,0,0,0.0114442391535587,0.000406814753507227,0,0,0,0.0114442391535587,0.000406814753507227,0,0,0,0,0,0,0,0,0,0,0,0,0,0,0,0,0,0,0.0135119254188742,0.000561060779091398,0,0,0,0.297724308665186,0.0098129414904317,0,0,0,0.0476358893864298,0.00157007063846907,0,0,0,0.00207706078527709,2.36574593154549e-10,0,0,0,0.00207606547021115,2.36502065062078e-10,0,0
251,0,8.77877981964335,0.00170252378405259,0,0,0,8.77877981964335,0.00170252378405259,0,0,0,0,0,0,0,0,0.000766410063791986,2.06857680147235e-07,0,0,0,3.38030776277046,1.14222856766334e-06,0,0,0,0.0112373632994709,0.000206376583850866,0,0,0,0.0112373632994709,0.000206376583850866,0,0,0,0,0,0,0,0,0,0,0,0,0,0,0,0,0,0,0.0134890759705743,0.000285699734090859,0,0,0,0.292829985524717,0.00495651909223053,0,0,0,0.0468527976839547,0.000793043054756885,0,0,0,0.0020415029653132,1.1896872429358e-10,0,0,0,0.00204052468934124,1.18932251337961e-10,0,0
252,0,9.15514283623214,0.000908320980337832,0,0,0,9.15514283623214,0.000908320980337832,0,0,0,0,0,0,0,0,0.000765114019994653,1.05334727386033e-07,0,0,0,3.52522799687271,6.09395405848728e-07,0,0,0,0.0117075533811145,0.000104910568712603,0,0,0,0.0117075533811145,0.000104910568712603,0,0,0,0,0,0,0,0,0,0,0,0,0,0,0,0,0,0,0.0134662651620146,0.000145482167175532,0,0,0,0.305537267259853,0.00258205763582738,0,0,0,0.0488859627615765,0.000413129221732381,0,0,0,0.00212902608699818,6.34715293214065e-11,0,0,0,0.00212800587047144,6.34520704738333e-11,0,0
253,0,8.42327969410301,0.00041463319909272,0,0,0,8.42327969410301,0.00041463319909272,0,0,0,0,0,0,0,0,0.000763820167882429,5.36378672796522e-08,0,0,0,3.24342087658373,2.78178718876984e-07,0,0,0,0.0107910465967932,5.34680943629478e-05,0,0,0,0.0107910465967932,5.34680943629478e-05,0,0,0,0,0,0,0,0,0,0,0,0,0,0,0,0,0,0,0.013443492927853,7.40814864021003e-05,0,0,0,0.281347747755598,0.00124558354365717,0,0,0,0.0450156396408956,0.000199293366985147,0,0,0,0.00195883150351895,2.89736820171807e-11,0,0,0,0.00195789284321545,2.89647993816426e-11,0,0
254,0,7.78797503750537,0.000192461585072007,0,0,0,7.78797503750537,0.000192461585072007,0,0,0,0,0,0,0,0,0.000762528503749049,2.73131271870655e-08,0,0,0,2.99879402563846,1.29123083451869e-07,0,0,0,0.00999144991534074,2.71884809095358e-05,0,0,0,0.00999144991534074,2.71884809095358e-05,0,0,0,0,0,0,0,0,0,0,0,0,0,0,0,0,0,0,0.013420759202858,3.77232944359631e-05,0,0,0,0.259366130151631,0.000606562050133515,0,0,0,0.0414985808242609,9.70499280213623e-05,0,0,0,0.00181109157075298,1.34488043374258e-11,0,0,0,0.00181022370653882,1.34446812567872e-11,0,0
255,0,9.33231971087525,0.000123703974358919,0,0,0,9.33231971087525,0.000123703974358919,0,0,0,0,0,0,0,0,0.000761239023894512,1.39082136291238e-08,0,0,0,3.5934507313579,8.29933859190572e-08,0,0,0,0.0119340436003718,1.38973049399612e-05,0,0,0,0.0119340436003718,1.38973049399612e-05,0,0,0,0,0,0,0,0,0,0,0,0,0,0,0,0,0,0,0.0133980639219084,1.92092115346709e-05,0,0,0,0.313045855800386,0.000347008772019433,0,0,0,0.0500873369280617,5.55214035231093e-05,0,0,0,0.00217022852314534,8.64416941330186e-12,0,0,0,0.00216918856265842,8.64151931841981e-12,0,0
256,0,8.74080629165022,0.580990589865547,0,0,0,8.74080629165022,0.580990589865547,0,0,0,0,0,0,0,0,0.000759951724625078,0.000191251043104525,0,0,0,3.36568588887772,0.000389788416176101,0,0,0,0.0111127454506994,1.88329333500634,0,0,0,0.0111127454506994,1.88329333500634,0,0,0,0,0,0,0,0,0,0,0,0,0,0,0,0,0,0,0.013375407019993,16.5863115900078,0,0,0,0.289075156148006,49.7189280409253,0,0,0,0.046252024983681,7.95502848654804,0,0,0,0.00203267223124833,4.05983810330979e-08,0,0,0,0.00203169818691115,4.05859345438343e-08,0,0
257,0,8.54630295052216,1.58688836938001,0,0,0,8.54630295052216,1.58688836938001,0,0,0,0,0,0,0,0,0.00075866660225325,0.000190196466892821,0,0,0,3.29079152230199,0.00106464840384429,0,0,0,0.0108881146007275,0.352117200449066,0,0,0,0.0108881146007275,0.352117200449066,0,0,0,0,0,0,0,0,0,0,0,0,0,0,0,0,0,0,0.0133527884322108,1.55454040572339,0,0,0,0.284814653002691,8.34076641962516,0,0,0,0.0455703444804305,1.33452262714003,0,0,0,0.00198744052982352,1.10888368591289e-07,0,0,0,0.00198648816024627,1.10854372878799e-07,0,0
258,0,8.5534132564032,0.818710561397287,0,0,0,8.5534132564032,0.818710561397287,0,0,0,0,0,0,0,0,0.000757383653097769,0.000101308915226846,0,0,0,3.29352937683977,0.000549275493614358,0,0,0,0.0109689381786263,0.101477119961441,0,0,0,0.0109689381786263,0.101477119961441,0,0,0,0,0,0,0,0,0,0,0,0,0,0,0,0,0,0,0.0133302080937703,0.139971511048396,0,0,0,0.287429332021192,2.41071188227803,0,0,0,0.0459886931233908,0.385713901164484,0,0,0,0.00198909402960807,5.72097447139731e-08,0,0,0,0.00198814086768364,5.71922055792777e-08,0,0
259,0,8.66060638112992,0.422053883653883,0,0,0,8.66060638112992,0.422053883653883,0,0,0,0,0,0,0,0,0.0007561028734836,5.15880403375007e-05,0,0,0,3.33480456075753,0.000283157279515475,0,0,0,0.0110703532140113,0.0516545822193121,0,0,0,0.0110703532140113,0.0516545822193121,0,0,0,0,0,0,0,0,0,0,0,0,0,0,0,0,0,0,0.0133076659399895,0.0712503871720101,0,0,0,0.28899724813923,1.23465821216514,0,0,0,0.0462395597022768,0.197545313946423,0,0,0,0.00201402176290206,2.9492223598741e-08,0,0,0,0.00201305665575741,2.9483181990799e-08,0,0
260,0,8.80318466183833,0.218899948468247,0,0,0,8.80318466183833,0.218899948468247,0,0,0,0,0,0,0,0,0.000754824259741923,2.62693276016233e-05,0,0,0,3.38970495454605,0.000146860664704077,0,0,0,0.0112404139223914,0.0261661715345427,0,0,0,0.0112404139223914,0.0261661715345427,0,0,0,0,0,0,0,0,0,0,0,0,0,0,0,0,0,0,0.0132851619062962,0.0362816594733276,0,0,0,0.292545911933748,0.632808327009738,0,0,0,0.0468073459093997,0.101249332321558,0,0,0,0.00204717830502244,1.52962606814269e-08,0,0,0,0.00204619730946174,1.52915712150122e-08,0,0
261,0,7.68910119928826,0.0940455019948693,0,0,0,7.68910119928826,0.0940455019948693,0,0,0,0,0,0,0,0,0.000753547808210121,1.33766967683673e-05,0,0,0,2.96072221956441,6.30954234207989e-05,0,0,0,0.00980105090168132,0.0132808206345988,0,0,0,0.00980105090168132,0.0132808206345988,0,0,0,0,0,0,0,0,0,0,0,0,0,0,0,0,0,0,0.0132626959282269,0.0184751115211986,0,0,0,0.255036829577764,0.296332649687959,0,0,0,0.0408058927324422,0.0474132239500734,0,0,0,0.00178809848537447,6.57169873494897e-09,0,0,0,0.00178724163930887,6.56968400983761e-09,0,0
262,0,8.41717087125944,0.0539272651847241,0,0,0,8.41717087125944,0.0539272651847241,0,0,0,0,0,0,0,0,0.000752273515231774,6.81159484347779e-06,0,0,0,3.24106864749224,3.61799720197304e-05,0,0,0,0.0107396001281185,0.00679844595133569,0,0,0,0.0107396001281185,0.00679844595133569,0,0,0,0,0,0,0,0,0,0,0,0,0,0,0,0,0,0,0.0132402679414274,0.00940777656469469,0,0,0,0.278964012267448,0.160115409599351,0,0,0,0.0446342419627917,0.0256184655358961,0,0,0,0.00195741089835445,3.76832206619561e-09,0,0,0,0.00195647291879643,3.76716678908984e-09,0,0
263,0,8.2890313147514,0.0268383671245551,0,0,0,8.2890313147514,0.0268383671245551,0,0,0,0,0,0,0,0,0.000751001377156642,3.46855618506752e-06,0,0,0,3.19172794793251,1.8005945013075e-05,0,0,0,0.0105641114764227,0.00345160453943609,0,0,0,0.0105641114764227,0.00345160453943609,0,0,0,0,0,0,0,0,0,0,0,0,0,0,0,0,0,0,0.0132178778816524,0.00479056701712817,0,0,0,0.274368016292183,0.0805017554119326,0,0,0,0.0438988826067493,0.0128802808659092,0,0,0,0.00192761207779402,1.87540774985875e-09,0,0,0,0.00192668837765202,1.87483279485243e-09,0,0
264,0,8.41708773640645,0.0140047313427079,0,0,0,8.41708773640645,0.0140047313427079,0,0,0,0,0,0,0,0,0.000749731390340659,1.76623570330081e-06,0,0,0,3.24103663605162,9.39581835621333e-06,0,0,0,0.010786174086761,0.00176566494798347,0,0,0,0.010786174086761,0.00176566494798347,0,0,0,0,0,0,0,0,0,0,0,0,0,0,0,0,0,0,0.0131955256847649,0.00243942149218561,0,0,0,0.28267697998316,0.0415932168061024,0,0,0,0.0452283167973055,0.00665491468897638,0,0,0,0.001957391565366,9.78620702701921e-10,0,0,0,0.00195645359507223,9.78320681081369e-10,0,0
265,0,9.51821158050048,0.111956352851537,0,0,0,9.51821158050048,0.111956352851537,0,0,0,0,0,0,0,0,0.000820171407171483,1.49085156567312e-05,0,0,0,3.66502921297377,7.51118696585985e-05,0,0,0,0.0125298099907097,0.218348362687603,0,0,0,0.0125298099907097,0.218348362687603,0,0,0,0,0,0,0,0,0,0,0,0,0,0,0,0,0,0,0.0197885026182028,1.8055861154035,0,0,0,0.327708205214559,5.76276529513546,0,0,0,0.0524333128343295,0.922042447221674,0,0,0,0.00221345762911042,7.82327072318763e-09,0,0,0,0.0022123969534953,7.8208722961424e-09,0,0
266,0,8.73414727667251,0.092398680875324,0,0,0,8.73414727667251,0.092398680875324,0,0,0,0,0,0,0,0,0.000819437216599285,1.22978698043655e-05,0,0,0,3.36312180588623,6.19905659461513e-05,0,0,0,0.0111037649350602,0.0125759661619453,0,0,0,0.0111037649350602,0.0125759661619453,0,0,0,0,0,0,0,0,0,0,0,0,0,0,0,0,0,0,0.0144223762581404,0.0201066344297875,0,0,0,0.288508459671813,0.289400637713092,0,0,0,0.0461613535474901,0.0463041020340947,0,0,0,0.00203112367904604,6.45662239383281e-09,0,0,0,0.00203015037676579,6.4546429483658e-09,0,0
267,0,8.89747810901737,0.0479775651806256,0,0,0,8.89747810901737,0.0479775651806256,0,0,0,0,0,0,0,0,0.000818051500976003,6.27301427999777e-06,0,0,0,3.4260130609146,3.21882995524411e-05,0,0,0,0.0114084754420768,0.00626739844028383,0,0,0,0.0114084754420768,0.00626739844028383,0,0,0,0,0,0,0,0,0,0,0,0,0,0,0,0,0,0,0.0143979827064257,0.00866404033172979,0,0,0,0.297514172622987,0.14509771689301,0,0,0,0.047602267619678,0.0232156347028815,0,0,0,0.00206910622165555,3.35256974247051e-09,0,0,0,0.00206811471836877,3.35154192504914e-09,0,0
268,0,9.13782962463849,0.0254949065835677,0,0,0,9.13782962463849,0.0254949065835677,0,0,0,0,0,0,0,0,0.000816668128518062,3.19430409397328e-06,0,0,0,3.51856146863634,1.71046131058099e-05,0,0,0,0.011682026997198,0.00318591877374741,0,0,0,0.011682026997198,0.00318591877374741,0,0,0,0,0,0,0,0,0,0,0,0,0,0,0,0,0,0,0.0143736348839448,0.00441178606737871,0,0,0,0.303693471537832,0.0753628891752395,0,0,0,0.0485909554460531,0.0120580622680383,0,0,0,0.00212499990414205,1.78152959778995e-09,0,0,0,0.00212398161693799,1.78098342357198e-09,0,0
269,0,9.94090057181737,0.0143982020742956,0,0,0,9.94090057181737,0.0143982020742956,0,0,0,0,0,0,0,0,0.000815287095423052,1.62658283072347e-06,0,0,0,3.82778746730303,9.65979910900434e-06,0,0,0,0.0127117143314623,0.00162486708206984,0,0,0,0.0127117143314623,0.00162486708206984,0,0,0,0,0,0,0,0,0,0,0,0,0,0,0,0,0,0,0.0143493282350416,0.00224654110924807,0,0,0,0.33106194663884,0.0404705189554388,0,0,0,0.0529699114622145,0.0064752830328702,0,0,0,0.00231175384417756,1.00611559670711e-09,0,0,0,0.00231064606560595,1.00580714581194e-09,0,0
270,0,9.09137889932934,0.00654235516862782,0,0,0,9.09137889932934,0.00654235516862782,0,0,0,0,0,0,0,0,0.000813908397734975,8.28277968328186e-07,0,0,0,3.50067541264966,4.38928668333702e-06,0,0,0,0.0116612782857689,0.000829589513157781,0,0,0,0.0116612782857689,0.000829589513157781,0,0,0,0,0,0,0,0,0,0,0,0,0,0,0,0,0,0,0.0143250626900892,0.00114396910540739,0,0,0,0.302872204760487,0.0194836586578125,0,0,0,0.0484595527616779,0.00311738538525,0,0,0,0.00211419780004469,4.5716580031232e-10,0,0,0,0.0021131846891441,4.57025644249923e-10,0,0
271,0,8.76050850497385,0.00319557288997185,0,0,0,8.76050850497385,0.00319557288997185,0,0,0,0,0,0,0,0,0.000812532031504523,4.21770339548419e-07,0,0,0,3.37327231273273,2.14391991416878e-06,0,0,0,0.0112430991142815,0.000422298940206642,0,0,0,0.0112430991142815,0.000422298940206642,0,0,0,0,0,0,0,0,0,0,0,0,0,0,0,0,0,0,0.0143008381795784,0.000582524534600922,0,0,0,0.291971219941132,0.00972180314456158,0,0,0,0.0467153951905811,0.00155548850312985,0,0,0,0.00203725397583582,2.2329980565802e-10,0,0,0,0.00203627773595412,2.232313472968e-10,0,0
272,0,9.87517246738931,0.00189590892147161,0,0,0,9.87517246738931,0.00189590892147161,0,0,0,0,0,0,0,0,0.000811157992789066,2.147711591096e-07,0,0,0,3.80247857173952,1.27197126529292e-06,0,0,0,0.0125811069753383,0.000213659866023764,0,0,0,0.0125811069753383,0.000213659866023764,0,0,0,0,0,0,0,0,0,0,0,0,0,0,0,0,0,0,0.0142766546341177,0.000296629368580001,0,0,0,0.329585459400844,0.00532595028967568,0,0,0,0.052733673504135,0.000852152046348109,0,0,0,0.00229646879057659,1.32482064495686e-10,0,0,0,0.00229536833651096,1.32441448674281e-10,0,0
273,0,8.14027383172911,0.000756456756335319,0,0,0,8.14027383172911,0.000756456756335319,0,0,0,0,0,0,0,0,0.000809786277652641,1.09364377861819e-07,0,0,0,3.13444822512806,5.07509219772201e-07,0,0,0,0.0104418282524709,0.000108542322521419,0,0,0,0.0104418282524709,0.000108542322521419,0,0,0,0,0,0,0,0,0,0,0,0,0,0,0,0,0,0,0.0142525119844326,0.000151047684823181,0,0,0,0.270601339303715,0.00240411876589542,0,0,0,0.0432962142885944,0.000384659002543268,0,0,0,0.00189301856378163,5.28595818322457e-11,0,0,0,0.00189211144064398,5.28433763530859e-11,0,0
274,0,9.24461828903608,0.000457251576764466,0,0,0,9.24461828903608,0.000457251576764466,0,0,0,0,0,0,0,0,0.000808416882165943,5.56898197816175e-08,0,0,0,3.55968091332629,3.06771522654596e-07,0,0,0,0.0118426700990892,5.56808122633202e-05,0,0,0,0.0118426700990892,5.56808122633202e-05,0,0,0,0,0,0,0,0,0,0,0,0,0,0,0,0,0,0,0.0142284101613662,7.69155232324529e-05,0,0,0,0.308860627651786,0.00133425566156291,0,0,0,0.0494177004242858,0.000213480905850066,0,0,0,0.00214983358029163,3.19517631873601e-11,0,0,0,0.00214880339293896,3.19419675436092e-11,0,0
275,0,9.91689730495576,0.00025329527184386,0,0,0,9.91689730495576,0.00025329527184386,0,0,0,0,0,0,0,0,0.000807049802406308,2.83580091428501e-08,0,0,0,3.81854490387496,1.69936595461489e-07,0,0,0,0.0126310274356212,2.81675372662577e-05,0,0,0,0.0126310274356212,2.81675372662577e-05,0,0,0,0,0,0,0,0,0,0,0,0,0,0,0,0,0,0,0.0142043490958782,3.91664243053086e-05,0,0,0,0.331625663599394,0.000707055368432975,0,0,0,0.0530601061759031,0.000113128858949276,0,0,0,0.00230617189070772,1.76997323873678e-11,0,0,0,0.00230506678697473,1.76943060742114e-11,0,0
276,0,9.2514069664414,0.000118361144040397,0,0,0,9.2514069664414,0.000118361144040397,0,0,0,0,0,0,0,0,0.000805685034457708,1.44402816475229e-08,0,0,0,3.56229492340555,7.94088642347453e-08,0,0,0,0.0118136989855353,1.43991447128405e-05,0,0,0,0.0118136989855353,1.43991447128405e-05,0,0,0,0,0,0,0,0,0,0,0,0,0,0,0,0,0,0,0.0141803287190453,1.99440727748563e-05,0,0,0,0.308792175537712,0.000345214640272611,0,0,0,0.0494067480860339,5.52343424436178e-05,0,0,0,0.00215141228545776,8.27082384652301e-12,0,0,0,0.00215038134159904,8.26828821043144e-12,0,0
277,0,9.13684504033052,5.98530345952135e-05,0,0,0,9.13684504033052,5.98530345952135e-05,0,0,0,0,0,0,0,0,0.000804322574410737,7.35318664330008e-09,0,0,0,3.51818235012013,4.01555893764143e-08,0,0,0,0.0116973824931138,7.33472147177148e-06,0,0,0,0.0116973824931138,7.33472147177148e-06,0,0,0,0,0,0,0,0,0,0,0,0,0,0,0,0,0,0,0.0141563489620604,1.01557914949834e-05,0,0,0,0.305361575912979,0.000175209525486264,0,0,0,0.0488578521460767,2.80335240778022e-05,0,0,0,0.00212477093931714,4.18240217117114e-12,0,0,0,0.00212375276183165,4.18111994704312e-12,0,0
278,0,8.81710075042022,2.91044484700803e-05,0,0,0,8.81710075042022,2.91044484700803e-05,0,0,0,0,0,0,0,0,0.000802962418362599,3.74434205169965e-09,0,0,0,3.39506340563233,1.95262661232722e-08,0,0,0,0.011291655581519,3.7247935902239e-06,0,0,0,0.011291655581519,3.7247935902239e-06,0,0,0,0,0,0,0,0,0,0,0,0,0,0,0,0,0,0,0.0141324097562332,5.17146633257411e-06,0,0,0,0.295856145061642,8.71028893522628e-05,0,0,0,0.0473369832098628,1.39364622963621e-05,0,0,0,0.00205041448780514,2.03375667241001e-12,0,0,0,0.00204943194148507,2.03313317142441e-12,0,0
279,0,9.58423440610403,1.64680838242978e-05,0,0,0,9.58423440610403,1.64680838242978e-05,0,0,0,0,0,0,0,0,0.0008016045624171,1.90666959513408e-09,0,0,0,3.69045159222155,1.10484892927678e-08,0,0,0,0.0122655204325168,1.90673883687519e-06,0,0,0,0.0122655204325168,1.90673883687519e-06,0,0,0,0,0,0,0,0,0,0,0,0,0,0,0,0,0,0,0.0141085110329893,2.63338057325794e-06,0,0,0,0.320512430200978,4.68717625644416e-05,0,0,0,0.0512819888321565,7.49948201031065e-06,0,0,0,0.00222881122004414,1.15075451073754e-12,0,0,0,0.00222774318708037,1.15040171702265e-12,0,0
280,0,9.00702633037144,7.74455508953292e-06,0,0,0,9.00702633037144,7.74455508953292e-06,0,0,0,0,0,0,0,0,0.000800249002684632,9.70901935232946e-10,0,0,0,3.46819508514219,5.19584639578448e-09,0,0,0,0.0115416153303536,9.7028018491538e-07,0,0,0,0.0115416153303536,9.7028018491538e-07,0,0,0,0,0,0,0,0,0,0,0,0,0,0,0,0,0,0,0.0140846527238702,1.34095299012789e-06,0,0,0,0.299975918054179,2.2922988670473e-05,0,0,0,0.0479961468886686,3.66767818727569e-06,0,0,0,0.00209458163205811,5.41172962077471e-13,0,0,0,0.00209357792110752,5.4100705143545e-13,0,0
281,0,8.99930025835187,3.93328075678451e-06,0,0,0,8.99930025835187,3.93328075678451e-06,0,0,0,0,0,0,0,0,0.000798895735282166,4.94396391730611e-10,0,0,0,3.46522012714575,2.63885044492333e-09,0,0,0,0.011526627301158,4.93615711222117e-07,0,0,0,0.011526627301158,4.93615711222117e-07,0,0,0,0,0,0,0,0,0,0,0,0,0,0,0,0,0,0,0.0140608347605334,6.82831391865069e-07,0,0,0,0.30164359697809,1.16538857411471e-05,0,0,0,0.0482629755164945,1.86462171858353e-06,0,0,0,0.00209278493601809,2.74849255150662e-13,0,0,0,0.00209178208603346,2.74764992965415e-13,0,0
282,0,9.67160544489519,2.20523380785656e-06,0,0,0,9.67160544489519,2.20523380785656e-06,0,0,0,0,0,0,0,0,0.000797544756333239,2.51753326763741e-10,0,0,0,3.7240941948081,1.47949830557725e-09,0,0,0,0.012377004478737,2.51995192602749e-07,0,0,0,0.012377004478737,2.51995192602749e-07,0,0,0,0,0,0,0,0,0,0,0,0,0,0,0,0,0,0,0.0140370570747518,3.47706976418256e-07,0,0,0,0.323332540704568,6.23644717509779e-06,0,0,0,0.0517332065127308,9.97831548015646e-07,0,0,0,0.0022491293324059,1.5409702663024e-13,0,0,0,0.00224805156312459,1.54049784180204e-13,0,0
283,0,9.1801673099031,1.0564433872003e-06,0,0,0,9.1801673099031,1.0564433872003e-06,0,0,0,0,0,0,0,0,0.000796196061967945,1.2819619761939e-10,0,0,0,3.53486378047215,7.08771195023688e-10,0,0,0,0.011674694913349,1.276590810615e-07,0,0,0,0.011674694913349,1.276590810615e-07,0,0,0,0,0,0,0,0,0,0,0,0,0,0,0,0,0,0,0.0140133195984137,1.77057093288728e-07,0,0,0,0.305987945242855,3.07097675407605e-06,0,0,0,0.0489580712388567,4.91356280652168e-07,0,0,0,0.0021348455218461,7.38220066238595e-14,0,0,0,0.0021338225166811,7.37993745683568e-14,0,0
284,0,8.78055193662394,0.472210622947547,0,0,0,8.78055193662394,0.472210622947547,0,0,0,0,0,0,0,0,0.000794849648322919,0.000190026547825553,0,0,0,3.3809901242044,0.000316807593842183,0,0,0,0.0112159547364563,1.79005535296037,0,0,0,0.0112159547364563,1.79005535296037,0,0,0,0,0,0,0,0,0,0,0,0,0,0,0,0,0,0,0.0139896222635226,16.5863057464837,0,0,0,0.291777693505495,47.2574611229865,0,0,0,0.0466844309608793,7.56119377967785,0,0,0,0.00204191507065644,3.29970693720489e-08,0,0,0,0.00204093659720607,3.29869532625091e-08,0,0
285,0,8.11875543269314,1.42175875690584,0,0,0,8.11875543269314,1.42175875690584,0,0,0,0,0,0,0,0,0.000864455002805826,0.000191247367116076,0,0,0,3.12616247098021,0.0009538624268718,0,0,0,0.0107493715766699,0.565077729359494,0,0,0,0.0107493715766699,0.565077729359494,0,0,0,0,0,0,0,0,0,0,0,0,0,0,0,0,0,0,0.0205679638237078,2.23754420173206,0,0,0,0.278628046018472,12.4537074251757,0,0,0,0.0445804873629556,1.99259318802812,0,0,0,0.00188801446567879,9.93494640995213e-08,0,0,0,0.00188710974047493,9.93190059382156e-08,0,0
286,0,9.70534670450012,0.962156391878316,0,0,0,9.70534670450012,0.962156391878316,0,0,0,0,0,0,0,0,0.00086443966682893,0.000116073833668042,0,0,0,3.73708641515208,0.000645513752969307,0,0,0,0.0124846835072781,0.21291296935792,0,0,0,0.0124846835072781,0.21291296935792,0,0,0,0,0,0,0,0,0,0,0,0,0,0,0,0,0,0,0.0160433019198267,0.93024913411465,0,0,0,0.327110940829385,5.00692294656861,0,0,0,0.0523377505327016,0.801107671450978,0,0,0,0.00225697585355713,6.72334328512038e-08,0,0,0,0.00225589432426997,6.7212820694294e-08,0,0
287,0,10.1139519858465,0.518456846352774,0,0,0,10.1139519858465,0.518456846352774,0,0,0,0,0,0,0,0,0.000863007397895162,6.1763482331986e-05,0,0,0,3.8944216750425,0.000347834330745824,0,0,0,0.0128764147950286,0.0615077373688944,0,0,0,0.0128764147950286,0.0615077373688944,0,0,0,0,0,0,0,0,0,0,0,0,0,0,0,0,0,0,0.0151892216757939,0.0853336484215503,0,0,0,0.335943041207964,1.49328284242371,0,0,0,0.0537508865932743,0.238925254787793,0,0,0,0.00235199690553122,3.62286566505652e-08,0,0,0,0.00235086984272607,3.62175498139239e-08,0,0
288,0,9.3704783557541,0.23947903027204,0,0,0,9.3704783557541,0.23947903027204,0,0,0,0,0,0,0,0,0.000861548002412335,3.14509021645565e-05,0,0,0,3.6081438853213,0.000160667235486084,0,0,0,0.0120296772392348,0.0314924010744439,0,0,0,0.0120296772392348,0.0314924010744439,0,0,0,0,0,0,0,0,0,0,0,0,0,0,0,0,0,0,0.015163535822242,0.0434381484571466,0,0,0,0.314364647697165,0.726808265972258,0,0,0,0.0502983436315465,0.116289322555561,0,0,0,0.00217910230609387,1.67342829471146e-08,0,0,0,0.00217805809334341,1.67291526175858e-08,0,0
289,0,9.37104848594542,0.123001555186492,0,0,0,9.37104848594542,0.123001555186492,0,0,0,0,0,0,0,0,0.000860091074851772,1.60152245930949e-05,0,0,0,3.60836341645787,8.25221306844836e-05,0,0,0,0.012018462227183,0.0160124010876462,0,0,0,0.012018462227183,0.0160124010876462,0,0,0,0,0,0,0,0,0,0,0,0,0,0,0,0,0,0,0.0151378934051124,0.0221192918938511,0,0,0,0.313194607480543,0.371321973866052,0,0,0,0.0501111371968869,0.0594115158185683,0,0,0,0.00217923488972168,8.59508586237248e-09,0,0,0,0.00217819061343793,8.59245081532914e-09,0,0
290,0,10.4124426449195,0.0714101562473811,0,0,0,10.4124426449195,0.0714101562473811,0,0,0,0,0,0,0,0,0.000858636611040079,8.15516888395315e-06,0,0,0,4.00935681554131,4.79092986841596e-05,0,0,0,0.0132990104442684,0.00817544668602327,0,0,0,0.0132990104442684,0.00817544668602327,0,0,0,0,0,0,0,0,0,0,0,0,0,0,0,0,0,0,0.015112294350795,0.0112634424786795,0,0,0,0.347040591594804,0.202124355365614,0,0,0,0.0555264946551687,0.0323398968584982,0,0,0,0.00242141083071616,4.98998913843881e-09,0,0,0,0.00242025050517454,4.9884593275287e-09,0,0
291,0,9.97271350969394,0.0346720415223,0,0,0,9.97271350969394,0.0346720415223,0,0,0,0,0,0,0,0,0.000857184606810912,4.15272225120535e-06,0,0,0,3.84003717888824,2.32615818333596e-05,0,0,0,0.0127608326219381,0.00414135920932998,0,0,0,0.0127608326219381,0.00414135920932998,0,0,0,0,0,0,0,0,0,0,0,0,0,0,0,0,0,0,0.0150867385859608,0.00573549718858925,0,0,0,0.331826112774464,0.100195389553812,0,0,0,0.0530921780439143,0.0160312623286098,0,0,0,0.00231915193461206,2.42280817877529e-09,0,0,0,0.00231804061091991,2.42206540393507e-09,0,0
292,0,10.1180223356204,0.0180621866050776,0,0,0,10.1180223356204,0.0180621866050776,0,0,0,0,0,0,0,0,0.000855735058004977,2.11462231390316e-06,0,0,0,3.89598898111698,1.21179778679371e-05,0,0,0,0.0128455332516018,0.00210583224726836,0,0,0,0.0128455332516018,0.00210583224726836,0,0,0,0,0,0,0,0,0,0,0,0,0,0,0,0,0,0,0.0150612260374048,0.00292059271067294,0,0,0,0.336175589913282,0.0515812357345189,0,0,0,0.0537880943861251,0.00825299771752302,0,0,0,0.00235294346431319,1.26214700698261e-09,0,0,0,0.00235181594792275,1.26176006300179e-09,0,0
293,0,10.6024929974922,0.00971414067533103,0,0,0,10.6024929974922,0.00971414067533103,0,0,0,0,0,0,0,0,0.000854287960470009,1.07679427131425e-06,0,0,0,4.0825365392976,6.51724756716866e-06,0,0,0,0.0135593998326349,0.00107952779793205,0,0,0,0.0135593998326349,0.00107952779793205,0,0,0,0,0,0,0,0,0,0,0,0,0,0,0,0,0,0,0.0150357566320457,0.00148720529383329,0,0,0,0.356027426990663,0.0271088784229647,0,0,0,0.056964388318506,0.00433742054767435,0,0,0,0.00246560699080982,6.78803394453379e-10,0,0,0,0.00246442548673347,6.78595289623921e-10,0,0
294,0,9.04176831970423,0.0040913896645686,0,0,0,9.04176831970423,0.0040913896645686,0,0,0,0,0,0,0,0,0.000852843310060768,5.48318200896604e-07,0,0,0,3.4815726408673,2.74492620901231e-06,0,0,0,0.011586152123184,0.000544391529241142,0,0,0,0.011586152123184,0.000544391529241142,0,0,0,0,0,0,0,0,0,0,0,0,0,0,0,0,0,0,0.0150103302969259,0.000757305042200202,0,0,0,0.301731129999762,0.0124923422509783,0,0,0,0.0482769807999619,0.00199877476015652,0,0,0,0.00210266087264746,2.85897567799634e-10,0,0,0,0.00210165329017325,2.85809918466889e-10,0,0
295,0,8.55048467728101,0.00192281245248454,0,0,0,8.55048467728101,0.00192281245248454,0,0,0,0,0,0,0,0,0.000851401102639022,2.79211040998142e-07,0,0,0,3.29240171457417,1.29002092896389e-06,0,0,0,0.0109689850396223,0.000277282458305,0,0,0,0.0109689850396223,0.000277282458305,0,0,0,0,0,0,0,0,0,0,0,0,0,0,0,0,0,0,0.0149849469592111,0.000385629966030861,0,0,0,0.284269999312969,0.00612751069905286,0,0,0,0.0454831998900751,0.000980401711848458,0,0,0,0.00198841298929439,1.3436202575883e-10,0,0,0,0.00198746015372039,1.34320833586421e-10,0,0
296,0,9.58267768818676,0.00113784850624139,0,0,0,9.58267768818676,0.00113784850624139,0,0,0,0,0,0,0,0,0.000849961334073538,1.42178036927794e-07,0,0,0,3.68985217114387,7.63386145718494e-07,0,0,0,0.012289276576355,0.000142433482155445,0,0,0,0.012289276576355,0.000142433482155445,0,0,0,0,0,0,0,0,0,0,0,0,0,0,0,0,0,0,0.0149596065461902,0.000196367992307169,0,0,0,0.320426011179636,0.00336672616417025,0,0,0,0.0512681617887418,0.00053867618626724,0,0,0,0.0022284492056971,7.95104224063589e-11,0,0,0,0.00222738134620842,7.94860464190993e-11,0,0
297,0,9.10035187742509,0.000545154411677364,0,0,0,9.10035187742509,0.000545154411677364,0,0,0,0,0,0,0,0,0.00084852400024007,7.23989786090784e-08,0,0,0,3.50413049731238,3.65745811387943e-07,0,0,0,0.0116524250423408,7.24410845309411e-05,0,0,0,0.0116524250423408,7.24410845309411e-05,0,0,0,0,0,0,0,0,0,0,0,0,0,0,0,0,0,0,0.0149343089852751,9.99932365205921e-05,0,0,0,0.302371981964003,0.00166322476672623,0,0,0,0.0483795171142405,0.000266115962676197,0,0,0,0.00211628446376864,3.80942254714897e-11,0,0,0,0.00211527035295131,3.80825466962216e-11,0,0
298,0,9.93536070197148,0.000308903728907788,0,0,0,9.93536070197148,0.000308903728907788,0,0,0,0,0,0,0,0,0.000847089097021343,3.68665387207434e-08,0,0,0,3.82565431606453,2.07244484406749e-07,0,0,0,0.0127218322444091,3.68732648982186e-05,0,0,0,0.0127218322444091,3.68732648982186e-05,0,0,0,0,0,0,0,0,0,0,0,0,0,0,0,0,0,0,0.0149090542040004,5.09179079155767e-05,0,0,0,0.330934755117908,0.000892392183948365,0,0,0,0.0529495608188653,0.000142782749431738,0,0,0,0.00231046554888479,2.15855325499255e-11,0,0,0,0.00230935838765656,2.15789149436985e-11,0,0
299,0,9.31786952907517,0.000145900385964307,0,0,0,9.31786952907517,0.000145900385964307,0,0,0,0,0,0,0,0,0.000845656620307049,1.87729399414157e-08,0,0,0,3.58788662532998,9.78850283576366e-08,0,0,0,0.0119032122379816,1.86972055698246e-05,0,0,0,0.0119032122379816,1.86972055698246e-05,0,0,0,0,0,0,0,0,0,0,0,0,0,0,0,0,0,0,0.0148838421300232,2.59280871058237e-05,0,0,0,0.309103077706325,0.000436843556213816,0,0,0,0.0494564924330121,6.98949689942106e-05,0,0,0,0.00216686813712356,1.01952072298207e-11,0,0,0,0.00216582978691346,1.0192081623969e-11,0,0
300,0,9.41395695564578,7.50133277259742e-05,0,0,0,9.41395695564578,7.50133277259742e-05,0,0,0,0,0,0,0,0,0.000844226565993826,9.55943482282232e-09,0,0,0,3.62488551134994,5.03266777748894e-08,0,0,0,0.0120682133865838,9.55722694065761e-06,0,0,0,0.0120682133865838,9.55722694065761e-06,0,0,0,0,0,0,0,0,0,0,0,0,0,0,0,0,0,0,0.014858672691123,1.32029324944343e-05,0,0,0,0.317022266089567,0.000223995755767288,0,0,0,0.0507235625743307,3.58393209227661e-05,0,0,0,0.0021892132431979,5.24177106256492e-12,0,0,0,0.00218816418534704,5.24016406135965e-12,0,0
301,0,9.72559450436522,4.03792853700715e-05,0,0,0,9.72559450436522,4.03792853700715e-05,0,0,0,0,0,0,0,0,0.000842798929985256,4.86779345254203e-09,0,0,0,3.74488291950339,2.70905897019182e-08,0,0,0,0.0123969592401202,4.82108869113577e-06,0,0,0,0.0123969592401202,4.82108869113577e-06,0,0,0,0,0,0,0,0,0,0,0,0,0,0,0,0,0,0,0.0148335458152014,6.72311172594898e-06,0,0,0,0.32441138655027,0.000116677388943532,0,0,0,0.0519058218480431,1.86683822309651e-05,0,0,0,0.00226168447415304,2.82161818434569e-12,0,0,0,0.00226060068852313,2.82075314392921e-12,0,0
302,0,9.2309426473172,1.92777643022746e-05,0,0,0,9.2309426473172,1.92777643022746e-05,0,0,0,0,0,0,0,0,0.000841373708191844,2.47874623717714e-09,0,0,0,3.55441504736166,1.2933512772623e-08,0,0,0,0.0118313639696581,2.47555058984532e-06,0,0,0,0.0118313639696581,2.47555058984532e-06,0,0,0,0,0,0,0,0,0,0,0,0,0,0,0,0,0,0,0.014808461430282,3.423499385356e-06,0,0,0,0.307851893260144,5.77863628622599e-05,0,0,0,0.049256302921623,9.24581805796158e-06,0,0,0,0.00214665331336443,1.34708897917111e-12,0,0,0,0.00214562464997658,1.34667599402023e-12,0,0
303,0,9.40611044042006,0.0391091064084884,0,0,0,9.40611044042006,0.0391091064084884,0,0,0,0,0,0,0,0,0.000911061699919399,1.42494276563469e-05,0,0,0,3.62186417616747,2.62384226370261e-05,0,0,0,0.0124161069059973,0.203634431399447,0,0,0,0.0124161069059973,0.203634431399447,0,0,0,0,0,0,0,0,0,0,0,0,0,0,0,0,0,0,0.021388315283348,1.80462272841979,0,0,0,0.3244967678924,5.37594499748928,0,0,0,0.051919482862784,0.860151199598284,0,0,0,0.0021873885381216,2.73286079246692e-09,0,0,0,0.00218634035465846,2.73202296293661e-09,0,0
304,0,10.0443491815125,0.11728436834161,0,0,0,10.0443491815125,0.11728436834161,0,0,0,0,0,0,0,0,0.000910815006093388,1.43192819676327e-05,0,0,0,3.86762080924626,7.86864520278554e-05,0,0,0,0.0128569787718825,0.0321688731232189,0,0,0,0.0128569787718825,0.0321688731232189,0,0,0,0,0,0,0,0,0,0,0,0,0,0,0,0,0,0,0.0160505157760801,0.161160220024071,0,0,0,0.336464369868395,0.712310039712471,0,0,0,0.0538342991789432,0.113969606353995,0,0,0,0.00233581079147421,8.19558106140898e-09,0,0,0,0.0023346914849578,8.1930684929495e-09,0,0
305,0,9.81234963069733,0.0594813653291799,0,0,0,9.81234963069733,0.0594813653291799,0,0,0,0,0,0,0,0,0.000909275473313789,7.77949886700774e-06,0,0,0,3.77828836228992,3.99062352955124e-05,0,0,0,0.0125701097499931,0.00773754682028595,0,0,0,0.0125701097499931,0.00773754682028595,0,0,0,0,0,0,0,0,0,0,0,0,0,0,0,0,0,0,0.0160035554296185,0.0107500130032336,0,0,0,0.327639715162867,0.179502569206298,0,0,0,0.0524223544260587,0.0287204110730077,0,0,0,0.00228185935623253,4.15643071699627e-09,0,0,0,0.00228076590292018,4.15515645509278e-09,0,0
306,0,10.6037972731413,0.0331554096452132,0,0,0,10.6037972731413,0.0331554096452132,0,0,0,0,0,0,0,0,0.000907737835836243,3.96144471832166e-06,0,0,0,4.08303875637012,2.224406873142e-05,0,0,0,0.0135674289538138,0.0039507695081205,0,0,0,0.0135674289538138,0.0039507695081205,0,0,0,0,0,0,0,0,0,0,0,0,0,0,0,0,0,0,0.0159764924906872,0.00547131605110541,0,0,0,0.357018624275035,0.0957255857292573,0,0,0,0.0571229798840056,0.0153160937166812,0,0,0,0.00246591029977301,2.31682918375033e-09,0,0,0,0.00246472865035282,2.31611889952649e-09,0,0
307,0,9.79611582134575,0.0152724096235034,0,0,0,9.79611582134575,0.0152724096235034,0,0,0,0,0,0,0,0,0.000906202798592709,2.01722120886064e-06,0,0,0,3.77203746263212,1.02463077064908e-05,0,0,0,0.0125302412514108,0.00201579269661418,0,0,0,0.0125302412514108,0.00201579269661418,0,0,0,0,0,0,0,0,0,0,0,0,0,0,0,0,0,0,0.0159494753167566,0.00278606799885492,0,0,0,0.326878354256477,0.0464363307310053,0,0,0,0.0523005366810363,0.00742981291696084,0,0,0,0.00227808418808725,1.06720335235039e-09,0,0,0,0.00227699254381282,1.06687617341544e-09,0,0
308,0,9.93388608210292,0.00797111052793832,0,0,0,9.93388608210292,0.00797111052793832,0,0,0,0,0,0,0,0,0.00090467035718604,1.02719631179198e-06,0,0,0,3.82508650720142,5.34784315279315e-06,0,0,0,0.0127301724672127,0.00102965549518338,0,0,0,0.0127301724672127,0.00102965549518338,0,0,0,0,0,0,0,0,0,0,0,0,0,0,0,0,0,0,0.0159225038304314,0.00141870349183649,0,0,0,0.332446280545519,0.0239683472117852,0,0,0,0.0531914048872831,0.00383493555388564,0,0,0,0.00231012262641764,5.5700417203843e-10,0,0,0,0.00230901562951579,5.56833407927383e-10,0,0
309,0,10.3534843973534,0.0043063484713528,0,0,0,10.3534843973534,0.0043063484713528,0,0,0,0,0,0,0,0,0.000903140507226528,5.23062249357964e-07,0,0,0,3.98665468312411,2.88914274935061e-06,0,0,0,0.0132493725548586,0.000520538531766827,0,0,0,0.0132493725548586,0.000520538531766827,0,0,0,0,0,0,0,0,0,0,0,0,0,0,0,0,0,0,0.0158955779544515,0.000722422998499116,0,0,0,0.345738105446337,0.0125196769627558,0,0,0,0.0553180968714139,0.00200314831404093,0,0,0,0.00240770010556885,3.0091842992111e-10,0,0,0,0.00240654635012446,3.00826175552538e-10,0,0
310,0,10.2931347104992,0.00216583155389709,0,0,0,10.2931347104992,0.00216583155389709,0,0,0,0,0,0,0,0,0.000901613244331884,2.66350369021594e-07,0,0,0,3.96341677089196,1.4530632093252e-06,0,0,0,0.0131220721819566,0.000264212760970547,0,0,0,0.0131220721819566,0.000264212760970547,0,0,0,0,0,0,0,0,0,0,0,0,0,0,0,0,0,0,0.015868697611687,0.000367867557783247,0,0,0,0.341683385468168,0.00632496932061501,0,0,0,0.0546693416749069,0.0010119950912984,0,0,0,0.00239366580157674,1.51343681313271e-10,0,0,0,0.00239251877128662,1.51297282972829e-10,0,0
311,0,9.27832736099926,0.000974921358362299,0,0,0,9.27832736099926,0.000974921358362299,0,0,0,0,0,0,0,0,0.000900088564127232,1.35629208884828e-07,0,0,0,3.57266073967732,6.54077809178005e-07,0,0,0,0.0118713368092025,0.000135054574956753,0,0,0,0.0118713368092025,0.000135054574956753,0,0,0,0,0,0,0,0,0,0,0,0,0,0,0,0,0,0,0.0158418627251386,0.000187323133884941,0,0,0,0.309680431252518,0.00304076870682604,0,0,0,0.0495488690004029,0.000486522993092167,0,0,0,0.00215767261621515,6.81254214345497e-11,0,0,0,0.00215663867244349,6.8104535815348e-11,0,0
312,0,10.2498216682776,0.581492884720642,0,0,0,10.2498216682776,0.581492884720642,0,0,0,0,0,0,0,0,0.000898566462245093,0.000191283505297062,0,0,0,3.94673889357203,0.000390125407376021,0,0,0,0.0131510545775398,1.88335559056658,0,0,0,0.0131510545775398,1.88335559056658,0,0,0,0,0,0,0,0,0,0,0,0,0,0,0,0,0,0,0.0158150732179373,16.5863631934356,0,0,0,0.344187159308868,49.7204069922123,0,0,0,0.0550699454894189,7.95526511875397,0,0,0,0.00238359336486586,4.06334803243323e-08,0,0,0,0.00238245116122698,4.06210230744684e-08,0,0
313,0,10.3853353827664,1.62830356711929,0,0,0,10.3853353827664,1.62830356711929,0,0,0,0,0,0,0,0,0.000897046934325376,0.00019022802895319,0,0,0,3.99891904508049,0.00109243399041662,0,0,0,0.0132878940466743,0.353846960553616,0,0,0,0.0132878940466743,0.353846960553616,0,0,0,0,0,0,0,0,0,0,0,0,0,0,0,0,0,0,0.0157883290133439,1.55458399739593,0,0,0,0.345931173895423,8.23499183006918,0,0,0,0.0553489878232676,1.31759869281107,0,0,0,0.00241510704394806,1.13782374118589e-07,0,0,0,0.00241394973914324,1.13747491173462e-07,0,0
314,0,10.2745126825393,0.826854335645912,0,0,0,10.2745126825393,0.826854335645912,0,0,0,0,0,0,0,0,0.00089552997601536,0.000101324987054696,0,0,0,3.95624627715996,0.000554739177401046,0,0,0,0.0131534818339445,0.101099674420644,0,0,0,0.0131534818339445,0.101099674420644,0,0,0,0,0,0,0,0,0,0,0,0,0,0,0,0,0,0,0.0157616300347491,0.139993708517399,0,0,0,0.343758304861681,2.41780646801412,0,0,0,0.0550013287778689,0.386849034882258,0,0,0,0.00238933525381482,5.77788142578872e-08,0,0,0,0.00238819029869721,5.77611006601273e-08,0,0
315,0,10.8500007562047,0.453447528654921,0,0,0,10.8500007562047,0.453447528654921,0,0,0,0,0,0,0,0,0.000894015582969686,5.15962243295283e-05,0,0,0,4.1778404898819,0.000304219374799636,0,0,0,0.0138848431768338,0.0516488423994303,0,0,0,0.0138848431768338,0.0516488423994303,0,0,0,0,0,0,0,0,0,0,0,0,0,0,0,0,0,0,0.0157349762056732,0.0712616904233296,0,0,0,0.362374663140507,1.28033698786954,0,0,0,0.0579799461024811,0.204853918059126,0,0,0,0.00252316485576719,3.16859444334706e-08,0,0,0,0.0025219557703073,3.167623028337e-08,0,0
316,0,9.83425803357896,0.206277815612797,0,0,0,9.83425803357896,0.206277815612797,0,0,0,0,0,0,0,0,0.000892503750850345,2.62734950010089e-05,0,0,0,3.78672428913307,0.00013839243602652,0,0,0,0.0125935164846286,0.0261405317862757,0,0,0,0.0125935164846286,0.0261405317862757,0,0,0,0,0,0,0,0,0,0,0,0,0,0,0,0,0,0,0.0157083674497656,0.0362874152417162,0,0,0,0.328204034335951,0.614162230711293,0,0,0,0.0525126454937521,0.0982659569138069,0,0,0,0.00228695414962831,1.44142530068542e-08,0,0,0,0.00228585825492153,1.44098339428244e-08,0,0
317,0,9.91030759813912,0.105491059309449,0,0,0,9.91030759813912,0.105491059309449,0,0,0,0,0,0,0,0,0.000890994475326661,1.33788188644765e-05,0,0,0,3.81600750829558,7.07742838631607e-05,0,0,0,0.0127018449579672,0.0133732858062405,0,0,0,0.0127018449579672,0.0133732858062405,0,0,0,0,0,0,0,0,0,0,0,0,0,0,0,0,0,0,0.0156818036908051,0.0184780424362783,0,0,0,0.333665206499578,0.314201324268198,0,0,0,0.0533864330399325,0.0502722118829117,0,0,0,0.00230463945610028,7.37148982468249e-09,0,0,0,0.00230353508670075,7.369229902818e-09,0,0
318,0,9.83449702194154,0.0531182891551147,0,0,0,9.83449702194154,0.0531182891551147,0,0,0,0,0,0,0,0,0.000889487752075283,6.8126754435067e-06,0,0,0,3.78681631265272,3.56372274541449e-05,0,0,0,0.0126259544809211,0.00683100212264233,0,0,0,0.0126259544809211,0.00683100212264233,0,0,0,0,0,0,0,0,0,0,0,0,0,0,0,0,0,0,0.0156552848526991,0.00940926902627841,0,0,0,0.32833121979449,0.159341435076154,0,0,0,0.0525329951671184,0.0254946296121846,0,0,0,0.00228700972630991,3.71179254976346e-09,0,0,0,0.00228591380497112,3.71065460325073e-09,0,0
319,0,9.72548599306993,0.0269094959132591,0,0,0,9.72548599306993,0.0269094959132591,0,0,0,0,0,0,0,0,0.000887983576780171,3.46910644121163e-06,0,0,0,3.74484113675211,1.80536655413884e-05,0,0,0,0.0124129298299469,0.00346111577994613,0,0,0,0.0124129298299469,0.00346111577994613,0,0,0,0,0,0,0,0,0,0,0,0,0,0,0,0,0,0,0.015628810859484,0.00479132699874424,0,0,0,0.324784723515015,0.0807368566556533,0,0,0,0.0519655557624024,0.0129178970649045,0,0,0,0.00226165923987952,1.88037807763446e-09,0,0,0,0.00226057546634173,1.87980159884493e-09,0,0
320,0,10.7669781379644,0.0155466243027963,0,0,0,10.7669781379644,0.0155466243027963,0,0,0,0,0,0,0,0,0.000886481945132584,1.76651590116869e-06,0,0,0,4.14587226574497,1.04302791982814e-05,0,0,0,0.0137729539622872,0.00176598134439123,0,0,0,0.0137729539622872,0.00176598134439123,0,0,0,0,0,0,0,0,0,0,0,0,0,0,0,0,0,0,0.0156023816353244,0.00243980848509924,0,0,0,0.359110146519876,0.0438378427859358,0,0,0,0.0574576234431802,0.00701405484574974,0,0,0,0.00250385796747432,1.08636488823237e-09,0,0,0,0.00250265813375946,1.0860318348304e-09,0,0
321,0,10.0103404306104,0.110206025498549,0,0,0,10.0103404306104,0.110206025498549,0,0,0,0,0,0,0,0,0.000956594468851166,1.49086092354738e-05,0,0,0,3.85452559020237,7.39375695260118e-05,0,0,0,0.0130910913361533,0.218931876771896,0,0,0,0.0130910913361533,0.218931876771896,0,0,0,0,0,0,0,0,0,0,0,0,0,0,0,0,0,0,0.0221897639112911,1.80558626840314,0,0,0,0.342450777235957,5.77679622394606,0,0,0,0.0547921243577531,0.924287395831369,0,0,0,0.00232790206529136,7.70096158763745e-09,0,0,0,0.00232678654858908,7.69860065763776e-09,0,0
322,0,10.6666732633525,0.0982671266984381,0,0,0,10.6666732633525,0.0982671266984381,0,0,0,0,0,0,0,0,0.000955725656240042,1.22979424592268e-05,0,0,0,4.10724943281599,6.59277247275633e-05,0,0,0,0.0136236126564615,0.0126429493749867,0,0,0,0.0136236126564615,0.0126429493749867,0,0,0,0,0,0,0,0,0,0,0,0,0,0,0,0,0,0,0.0168210988259643,0.0201067347764342,0,0,0,0.357760914695028,0.299521837423068,0,0,0,0.0572417463512045,0.0479234939876908,0,0,0,0.00248053209495416,6.86669684900429e-09,0,0,0,0.00247934343885745,6.86459168455111e-09,0,0
323,0,9.92555837556611,0.0456011762471786,0,0,0,9.92555837556611,0.0456011762471786,0,0,0,0,0,0,0,0,0.00095410946897346,6.27305127683539e-06,0,0,0,3.82187988718921,3.05939727341684e-05,0,0,0,0.0126809257221006,0.00622079932501264,0,0,0,0.0126809257221006,0.00622079932501264,0,0,0,0,0,0,0,0,0,0,0,0,0,0,0,0,0,0,0.0167926488954879,0.00866409142959893,0,0,0,0.32869360334915,0.141054396545504,0,0,0,0.052590976535864,0.0225687034472806,0,0,0,0.00230818602042701,3.18651276136649e-09,0,0,0,0.00230707995153513,3.18553585303016e-09,0,0
324,0,11.4784595940401,0.0277428063294951,0,0,0,11.4784595940401,0.0277428063294951,0,0,0,0,0,0,0,0,0.000952496014613111,3.19432293326318e-06,0,0,0,4.41983132821721,1.86127361235863e-05,0,0,0,0.0146871829628905,0.00320795892176099,0,0,0,0.0146871829628905,0.00320795892176099,0,0,0,0,0,0,0,0,0,0,0,0,0,0,0,0,0,0,0.0167642515538167,0.0044118120871045,0,0,0,0.384667895622469,0.0789148387142354,0,0,0,0.061546863299595,0.0126263741942777,0,0,0,0.00266931279515934,1.93860802900944e-09,0,0,0,0.00266803367648377,1.93801369831434e-09,0,0
325,0,10.5313822143441,0.0127287101515724,0,0,0,10.5313822143441,0.0127287101515724,0,0,0,0,0,0,0,0,0.000950885288697515,1.62659242394459e-06,0,0,0,4.05515501962964,8.53973172111831e-06,0,0,0,0.0134850264538772,0.00161827486677433,0,0,0,0.0134850264538772,0.00161827486677433,0,0,0,0,0,0,0,0,0,0,0,0,0,0,0,0,0,0,0.0167359022336945,0.00224655435884423,0,0,0,0.350223623212724,0.0379573074598378,0,0,0,0.0560357797140358,0.00607316919357405,0,0,0,0.00244907019667155,8.89455068304955e-10,0,0,0,0.00244789661692773,8.89182382727934e-10,0,0
326,0,10.1808505046074,0.00621381491417514,0,0,0,10.1808505046074,0.00621381491417514,0,0,0,0,0,0,0,0,0.000949277286612711,8.28282853326079e-07,0,0,0,3.9201812437902,4.1688679921103e-06,0,0,0,0.0130018053564939,0.000825336306344985,0,0,0,0.0130018053564939,0.000825336306344985,0,0,0,0,0,0,0,0,0,0,0,0,0,0,0,0,0,0,0.0167076008539143,0.00114397585228088,0,0,0,0.339639213972764,0.0189557864651116,0,0,0,0.0543422742356423,0.00303292583441786,0,0,0,0.00236755413868105,4.34208109314145e-10,0,0,0,0.00236641962094312,4.34074991528824e-10,0,0
327,0,11.0973696023895,0.00356402914505036,0,0,0,11.0973696023895,0.00356402914505036,0,0,0,0,0,0,0,0,0.000947672003752546,4.2177282705539e-07,0,0,0,4.27309095158674,2.39111837590371e-06,0,0,0,0.0141195390879845,0.000420020785525185,0,0,0,0.0141195390879845,0.000420020785525185,0,0,0,0,0,0,0,0,0,0,0,0,0,0,0,0,0,0,0.0166793473334061,0.00058252797020012,0,0,0,0.367647878194602,0.0102309992156444,0,0,0,0.0588236605111363,0.00163695987450311,0,0,0,0.00258069041665237,2.49046741492501e-10,0,0,0,0.00257945376528885,2.48970389738681e-10,0,0
328,0,11.6161962092732,0.00191661262992202,0,0,0,11.6161962092732,0.00191661262992202,0,0,0,0,0,0,0,0,0.000946069435518652,2.14772425781779e-07,0,0,0,4.47286741742957,1.28586144848457e-06,0,0,0,0.0147964267804305,0.000213694279588614,0,0,0,0.0147964267804305,0.000213694279588614,0,0,0,0,0,0,0,0,0,0,0,0,0,0,0,0,0,0,0.0166511415912371,0.000296631118033561,0,0,0,0.386092468076544,0.00535605358966334,0,0,0,0.0617747948922471,0.000856968574346134,0,0,0,0.00270134340923186,1.33928795405153e-10,0,0,0,0.00270004894167822,1.33887736050773e-10,0,0
329,0,10.0668485380572,0.000821265896586745,0,0,0,10.0668485380572,0.000821265896586745,0,0,0,0,0,0,0,0,0.000944469577320439,1.09365022868418e-07,0,0,0,3.87628428539532,5.50989876039258e-07,0,0,0,0.012838171169152,0.000108641391379612,0,0,0,0.012838171169152,0.000108641391379612,0,0,0,0,0,0,0,0,0,0,0,0,0,0,0,0,0,0,0.0166229835466114,0.000151048575668585,0,0,0,0.334627338056819,0.00249991556384803,0,0,0,0.0535403740890911,0.000399986490215685,0,0,0,0.00234104301099073,5.73883060770976e-11,0,0,0,0.00233992119722612,5.73707121997737e-11,0,0
330,0,10.6928595872803,0.000452205526659318,0,0,0,10.6928595872803,0.000452205526659318,0,0,0,0,0,0,0,0,0.00094287242457508,5.5690148227698e-08,0,0,0,4.11733259196455,3.03386111749945e-07,0,0,0,0.0136856240005,5.53663173360205e-05,0,0,0,0.0136856240005,5.53663173360205e-05,0,0,0,0,0,0,0,0,0,0,0,0,0,0,0,0,0,0,0.0165948731188697,7.69159768629769e-05,0,0,0,0.356716258563163,0.00132310283971825,0,0,0,0.0570746013701061,0.00021169645435492,0,0,0,0.00248662171777733,3.15991559877696e-11,0,0,0,0.0024854301435699,3.15894684449235e-11,0,0
331,0,10.2109420296149,0.000215627810369711,0,0,0,10.2109420296149,0.000215627810369711,0,0,0,0,0,0,0,0,0.000941277972707497,2.83581763920481e-08,0,0,0,3.93176811778252,1.44665376950393e-07,0,0,0,0.0130788587149912,2.82804067810115e-05,0,0,0,0.0130788587149912,2.82804067810115e-05,0,0,0,0,0,0,0,0,0,0,0,0,0,0,0,0,0,0,0.016566810227489,3.91666553001228e-05,0,0,0,0.340977773986284,0.000653463281791364,0,0,0,0.0545564438378054,0.000104554125086618,0,0,0,0.00237455191500029,1.50676106625892e-11,0,0,0,0.00237341404396993,1.50629912947827e-11,0,0
332,0,10.6920440605798,0.00011625056640397,0,0,0,10.6920440605798,0.00011625056640397,0,0,0,0,0,0,0,0,0.000939686217150351,1.44403668130757e-08,0,0,0,4.11701856982331,7.79928710526355e-08,0,0,0,0.0137141615695825,1.44722978156328e-05,0,0,0,0.0137141615695825,1.44722978156328e-05,0,0,0,0,0,0,0,0,0,0,0,0,0,0,0,0,0,0,0.0165387947920827,1.99441904005387e-05,0,0,0,0.358466469158211,0.00034302881382856,0,0,0,0.0573546350653137,5.48846102125695e-05,0,0,0,0.0024864320672551,8.12334119090302e-12,0,0,0,0.00248524058392706,8.12085076945408e-12,0,0
333,0,11.3938397279644,6.45846023547982e-05,0,0,0,11.3938397279644,6.45846023547982e-05,0,0,0,0,0,0,0,0,0.000938097153344023,7.35323001075098e-09,0,0,0,4.38724807677945,4.33300130851791e-08,0,0,0,0.0145725069209617,7.34925041214835e-06,0,0,0,0.0145725069209617,7.34925041214835e-06,0,0,0,0,0,0,0,0,0,0,0,0,0,0,0,0,0,0,0.0165108267323999,1.01558513915711e-05,0,0,0,0.379801962229125,0.000182265207309122,0,0,0,0.06076831395666,2.91624331694596e-05,0,0,0,0.00264963446729749,4.51303401639948e-12,0,0,0,0.00264836477835857,4.51165042848287e-12,0,0
334,0,11.5609054318786,3.36212731229195e-05,0,0,0,11.5609054318786,3.36212731229195e-05,0,0,0,0,0,0,0,0,0.000936510776736608,3.74436413499196e-09,0,0,0,4.4515774605248,2.25566180055338e-08,0,0,0,0.0147399014844363,3.74322191692529e-06,0,0,0,0.0147399014844363,3.74322191692529e-06,0,0,0,0,0,0,0,0,0,0,0,0,0,0,0,0,0,0,0.0164829059683255,5.17149683272637e-06,0,0,0,0.3842698873021,9.38899501634361e-05,0,0,0,0.0614831819683361,1.50223920261498e-05,0,0,0,0.00268848555331969,2.34938272817469e-12,0,0,0,0.00268719724717345,2.34866246381542e-12,0,0
335,0,10.0890888228865,1.45257568897954e-05,0,0,0,10.0890888228865,1.45257568897954e-05,0,0,0,0,0,0,0,0,0.000934927082783895,1.90668084024509e-09,0,0,0,3.88484800484147,9.74537603637042e-09,0,0,0,0.0128702535318335,1.89780041632504e-06,0,0,0,0.0128702535318335,1.89780041632504e-06,0,0,0,0,0,0,0,0,0,0,0,0,0,0,0,0,0,0,0.0164550324198799,2.63339610434782e-06,0,0,0,0.336110804993287,4.39332840909647e-05,0,0,0,0.053777728798926,7.02932545455435e-06,0,0,0,0.0023462149834472,1.01502885467135e-12,0,0,0,0.00234509069130442,1.0147176711852e-12,0,0
336,0,10.4344027776718,7.69927104767376e-06,0,0,0,10.4344027776718,7.69927104767376e-06,0,0,0,0,0,0,0,0,0.000933346066949362,9.70907661389107e-10,0,0,0,4.01781266119856,5.16546518950983e-09,0,0,0,0.0133233812204389,9.67623091300051e-07,0,0,0,0.0133233812204389,9.67623091300051e-07,0,0,0,0,0,0,0,0,0,0,0,0,0,0,0,0,0,0,0.0164272060072188,1.34096089876e-06,0,0,0,0.347686391337357,2.28265552576572e-05,0,0,0,0.0556298226139771,3.65224884122515e-06,0,0,0,0.0024265176538799,5.38008609989527e-13,0,0,0,0.00242535488117927,5.37843669461911e-13,0,0
337,0,9.96670083841173,3.71698405478627e-06,0,0,0,9.96670083841173,3.71698405478627e-06,0,0,0,0,0,0,0,0,0.000931767724704154,4.94399307566744e-10,0,0,0,3.83772197337816,2.49373630647314e-09,0,0,0,0.0127204336895855,4.9331976953545e-07,0,0,0,0.0127204336895855,4.9331976953545e-07,0,0,0,0,0,0,0,0,0,0,0,0,0,0,0,0,0,0,0.0163994266506328,6.82835419047464e-07,0,0,0,0.330124215833054,1.13328005339277e-05,0,0,0,0.0528198745332886,1.81324808542844e-06,0,0,0,0.00231775368946817,2.59734903770273e-13,0,0,0,0.0023166430358067,2.59655275282415e-13,0,0
338,0,10.795538968347,2.08336074901426e-06,0,0,0,10.795538968347,2.08336074901426e-06,0,0,0,0,0,0,0,0,0.000930192051527078,2.5175481153711e-10,0,0,0,4.15686973904273,1.39773328664351e-09,0,0,0,0.0138258295834122,2.51851724741104e-07,0,0,0,0.0138258295834122,2.51851724741104e-07,0,0,0,0,0,0,0,0,0,0,0,0,0,0,0,0,0,0,0.0163716942705474,3.47709027100429e-07,0,0,0,0.360159324876574,6.05682186553685e-06,0,0,0,0.0576254919802518,9.69091498485896e-07,0,0,0,0.00251049978115638,1.45580797681172e-13,0,0,0,0.00250929676472425,1.45536166102542e-13,0,0
339,0,9.66021453149875,9.24094846677176e-07,0,0,0,9.66021453149875,9.24094846677176e-07,0,0,0,0,0,0,0,0,0.000928619042904585,1.28196953686064e-10,0,0,0,3.71970807352813,6.19978142444874e-10,0,0,0,0.0124119361074074,1.28384140223058e-07,0,0,0,0.0124119361074074,1.28384140223058e-07,0,0,0,0,0,0,0,0,0,0,0,0,0,0,0,0,0,0,0.0163440087875226,1.77058137523815e-07,0,0,0,0.323354007904699,2.88674931973106e-06,0,0,0,0.0517366412647519,4.61879891156969e-07,0,0,0,0.00224648037845624,6.4573773397611e-14,0,0,0,0.00224540387853776,6.45539766284579e-14,0,0
340,0,9.88987950039836,0.68905484789418,0,0,0,9.88987950039836,0.68905484789418,0,0,0,0,0,0,0,0,0.000927048694330759,0.000191247369039354,0,0,0,3.80814157945462,0.000462289067162504,0,0,0,0.0126775894582287,1.94805866912134,0,0,0,0.0126775894582287,1.94805866912134,0,0,0,0,0,0,0,0,0,0,0,0,0,0,0,0,0,0,0.0163163701222527,16.586305749541,0,0,0,0.328966205082634,51.4287486402021,0,0,0,0.0526345928132214,8.22859978243234,0,0,0,0.00229988890728026,4.81496804861937e-08,0,0,0,0.00229878681431522,4.81349189497489e-08,0,0
341,0,10.3991027279986,1.53867968803005,0,0,0,10.3991027279986,1.53867968803005,0,0,0,0,0,0,0,0,0.000925481001307303,0.000187700341686808,0,0,0,4.00422022188607,0.0010323050477261,0,0,0,0.0133292331581694,0.294441795395091,0,0,0,0.0133292331581694,0.294441795395091,0,0,0,0,0,0,0,0,0,0,0,0,0,0,0,0,0,0,0.0162887781955662,1.10492746925901,0,0,0,0.34780763562355,6.94274522434426,0,0,0,0.0556492216997681,1.11083923589508,0,0,0,0.00241830863650346,1.07519648944725e-07,0,0,0,0.0024171497975147,1.0748668600083e-07,0,0
342,0,10.1485183662197,0.812956437557244,0,0,0,10.1485183662197,0.812956437557244,0,0,0,0,0,0,0,0,0.000995500129263793,9.84980958003772e-05,0,0,0,3.90773161176569,0.000545415033811367,0,0,0,0.0133588116242902,0.315950979035638,0,0,0,0.0133588116242902,0.315950979035638,0,0,0,0,0,0,0,0,0,0,0,0,0,0,0,0,0,0,0.0228745649653111,1.91024440561173,0,0,0,0.347266429944593,7.96173240307615,0,0,0,0.0555626287911348,1.27387718449218,0,0,0,0.00236003530830264,5.68076588347099e-08,0,0,0,0.00235890439354311,5.6790242969895e-08,0,0
343,0,11.4960037051204,0.513844167527602,0,0,0,11.4960037051204,0.513844167527602,0,0,0,0,0,0,0,0,0.000994592924614946,6.19965617103998e-05,0,0,0,4.426586765316,0.000344739669997516,0,0,0,0.0147116157944422,0.0622128203349328,0,0,0,0.0147116157944422,0.0622128203349328,0,0,0,0,0,0,0,0,0,0,0,0,0,0,0,0,0,0,0.0175051758764192,0.0887475633504774,0,0,0,0.382919059086606,1.49948013119819,0,0,0,0.061267049453857,0.239916820991711,0,0,0,0.00267339267363107,3.59063325100468e-08,0,0,0,0.00267211159990223,3.58953244902512e-08,0,0
344,0,10.9873636017181,0.246262383851504,0,0,0,10.9873636017181,0.246262383851504,0,0,0,0,0,0,0,0,0.000992911010546907,3.15802601146143e-05,0,0,0,4.23073265742052,0.000165218208762112,0,0,0,0.0141058025209143,0.0316551633845312,0,0,0,0.0141058025209143,0.0316551633845312,0,0,0,0,0,0,0,0,0,0,0,0,0,0,0,0,0,0,0.0174755691320386,0.0436169287155961,0,0,0,0.366513383642394,0.738540045451208,0,0,0,0.0586421413827831,0.118166407272193,0,0,0,0.00255510854978854,1.72082892014414e-08,0,0,0,0.00255388415710214,1.72030135529712e-08,0,0
345,0,12.2645900270321,0.144793393785482,0,0,0,12.2645900270321,0.144793393785482,0,0,0,0,0,0,0,0,0.000991231940532931,1.60810958195168e-05,0,0,0,4.72253430742247,9.71423438191424e-05,0,0,0,0.0156630460400478,0.0160062576501613,0,0,0,0.0156630460400478,0.0160062576501613,0,0,0,0,0,0,0,0,0,0,0,0,0,0,0,0,0,0,0.0174460169327024,0.0222102693852401,0,0,0,0.409839814351262,0.403015673794835,0,0,0,0.0655743702962018,0.0644825078071735,0,0,0,0.0028521272230238,1.01178529816442e-08,0,0,0,0.00285076050077129,1.01147510907485e-08,0,0
346,0,9.64747714358148,0.054503857872935,0,0,0,9.64747714358148,0.054503857872935,0,0,0,0,0,0,0,0,0.000989555709923575,8.18871140302259e-06,0,0,0,3.71480348631456,3.65668098698383e-05,0,0,0,0.0123451904390506,0.00814580632766416,0,0,0,0.0123451904390506,0.00814580632766416,0,0,0,0,0,0,0,0,0,0,0,0,0,0,0,0,0,0,0.0174165147078465,0.0113097694449882,0,0,0,0.320794789129299,0.177128327355579,0,0,0,0.0513271662606878,0.0283405323768926,0,0,0,0.00224351830220673,3.80861313125796e-09,0,0,0,0.00224244322169742,3.80744550187863e-09,0,0
347,0,11.6617513294133,0.0355014119662455,0,0,0,11.6617513294133,0.0355014119662455,0,0,0,0,0,0,0,0,0.000987882313917243,4.16980255540055e-06,0,0,0,4.49040861670863,2.38180090757417e-05,0,0,0,0.0149201339089642,0.00416252264037768,0,0,0,0.0149201339089642,0.00416252264037768,0,0,0,0,0,0,0,0,0,0,0,0,0,0,0,0,0,0,0.0173870623729612,0.00575908750616067,0,0,0,0.39132316436257,0.101677926844398,0,0,0,0.0626117062980112,0.0162684682951037,0,0,0,0.00271193724057993,2.48076281330505e-09,0,0,0,0.00271063769652587,2.4800022709648e-09,0,0
348,0,9.65224986953643,0.014213545616074,0,0,0,9.65224986953643,0.014213545616074,0,0,0,0,0,0,0,0,0.000986211747720457,2.12331983572007e-06,0,0,0,3.71664124542534,9.53591250973337e-06,0,0,0,0.0122995549752899,0.0021053097521385,0,0,0,0.0122995549752899,0.0021053097521385,0,0,0,0,0,0,0,0,0,0,0,0,0,0,0,0,0,0,0.0173576598436797,0.00293260521931449,0,0,0,0.319483773569628,0.0459617521008905,0,0,0,0.0511174037711405,0.00735388033614248,0,0,0,0.00224462819838704,9.93212197956994e-10,0,0,0,0.00224355258602215,9.92907702934193e-10,0,0
349,0,10.605815090056,0.00819819411344211,0,0,0,10.605815090056,0.00819819411344211,0,0,0,0,0,0,0,0,0.000984544006547845,1.08122316701137e-06,0,0,0,4.08381572564386,5.50019424535318e-06,0,0,0,0.0135878807082494,0.00107529342486986,0,0,0,0.0135878807082494,0.00107529342486986,0,0,0,0,0,0,0,0,0,0,0,0,0,0,0,0,0,0,0.0173283070357777,0.00149332222563917,0,0,0,0.353435028332012,0.024844307930418,0,0,0,0.0565496045331219,0.00397508926886688,0,0,0,0.00246637954257207,5.72872287790147e-10,0,0,0,0.00246519766829355,5.72696658895646e-10,0,0
350,0,9.92688277311365,0.00384442953184098,0,0,0,9.92688277311365,0.00384442953184098,0,0,0,0,0,0,0,0,0.000982879085622127,5.50573454462951e-07,0,0,0,3.8223898522872,2.57923987833212e-06,0,0,0,0.01266326601786,0.000546178370644385,0,0,0,0.01266326601786,0.000546178370644385,0,0,0,0,0,0,0,0,0,0,0,0,0,0,0,0,0,0,0.0172990038651736,0.000760419866574884,0,0,0,0.330552400054629,0.0121541599157925,0,0,0,0.0528883840087406,0.00194466558652681,0,0,0,0.00230849400873246,2.6864052139759e-10,0,0,0,0.00230738779225444,2.68558162661103e-10,0,0
351,0,11.5459302081688,0.00238102050806358,0,0,0,11.5459302081688,0.00238102050806358,0,0,0,0,0,0,0,0,0.000981216980174103,2.80359446604494e-07,0,0,0,4.44581118480138,1.59743415626697e-06,0,0,0,0.0146913960019952,0.000278510243002581,0,0,0,0.0146913960019952,0.000278510243002581,0,0,0,0,0,0,0,0,0,0,0,0,0,0,0,0,0,0,0.0172697502479278,0.000387216076713963,0,0,0,0.384823490319016,0.00681081876584839,0,0,0,0.0615717584510426,0.00108973100253574,0,0,0,0.00268500306893829,1.66380625642071e-10,0,0,0,0.00268371643157768,1.66329617335384e-10,0,0
352,0,12.1015551793888,0.00128184007775987,0,0,0,12.1015551793888,0.00128184007775987,0,0,0,0,0,0,0,0,0.000979557685442637,1.42762820588669e-07,0,0,0,4.65975702260465,8.59990544453911e-07,0,0,0,0.0154786421866475,0.000142867781217633,0,0,0,0.0154786421866475,0.000142867781217633,0,0,0,0,0,0,0,0,0,0,0,0,0,0,0,0,0,0,0.0172405461002427,0.000197175661310775,0,0,0,0.404012640003315,0.00358169055161418,0,0,0,0.0646420224005305,0.000573070488258268,0,0,0,0.00281421351157971,8.95722457612169e-11,0,0,0,0.00281286495735025,8.95447850604004e-11,0,0
353,0,10.7565601318791,0.00056578388298408,0,0,0,10.7565601318791,0.00056578388298408,0,0,0,0,0,0,0,0,0.000977901196674644,7.26967583553002e-08,0,0,0,4.14186076670224,3.79586188646128e-07,0,0,0,0.0137745249459913,7.22712773881444e-05,0,0,0,0.0137745249459913,7.22712773881444e-05,0,0,0,0,0,0,0,0,0,0,0,0,0,0,0,0,0,0,0.0172113913384624,0.000100404512496677,0,0,0,0.359884528611467,0.00169148871500009,0,0,0,0.0575815245778347,0.000270638194400014,0,0,0,0.00250143526286698,3.95357688479758e-11,0,0,0,0.00250023659009763,3.95236481301054e-11,0,0
354,0,10.6088918994157,0.000283512420759325,0,0,0,10.6088918994157,0.000283512420759325,0,0,0,0,0,0,0,0,0.000976247509125078,3.70181721934145e-08,0,0,0,4.08500046461407,1.90209375817264e-07,0,0,0,0.0135882223935251,3.67464400350367e-05,0,0,0,0.0135882223935251,3.67464400350367e-05,0,0,0,0,0,0,0,0,0,0,0,0,0,0,0,0,0,0,0.0171822858790725,5.11273352029299e-05,0,0,0,0.355120910235177,0.000853978101097091,0,0,0,0.0568193456376283,0.000136636496175535,0,0,0,0.00246709505378896,1.98112421894247e-11,0,0,0,0.00246591283664175,1.98051685380392e-11,0,0
355,0,10.5172492940639,0.000144040111247976,0,0,0,10.5172492940639,0.000144040111247976,0,0,0,0,0,0,0,0,0.000974596618056916,1.88501537557228e-08,0,0,0,4.0497130765447,9.66369641927785e-08,0,0,0,0.0134182898830539,1.87177430936177e-05,0,0,0,0.0134182898830539,1.87177430936177e-05,0,0,0,0,0,0,0,0,0,0,0,0,0,0,0,0,0,0,0.0171532296386999,2.60347303119158e-05,0,0,0,0.349538745734559,0.000434415269037939,0,0,0,0.0559261993175294,6.95064430460702e-05,0,0,0,0.00244578358973377,1.00652152074416e-11,0,0,0,0.00244461158491227,1.00621294540241e-11,0,0
356,0,10.8126179909992,7.5516826250664e-05,0,0,0,10.8126179909992,7.5516826250664e-05,0,0,0,0,0,0,0,0,0.000972948518741147,9.59875314097567e-09,0,0,0,4.16344609179763,5.06644765205304e-08,0,0,0,0.0138412459212971,9.5972419590811e-06,0,0,0,0.0138412459212971,9.5972419590811e-06,0,0,0,0,0,0,0,0,0,0,0,0,0,0,0,0,0,0,0.0171242225341122,1.32572366567614e-05,0,0,0,0.362470818405657,0.000225190544408634,0,0,0,0.057995330944905,3.60304871053814e-05,0,0,0,0.00251447150343502,5.27695446365872e-12,0,0,0,0.00251326658377741,5.27533667606707e-12,0,0
357,0,11.3095058689139,4.06890004091191e-05,0,0,0,11.3095058689139,4.06890004091191e-05,0,0,0,0,0,0,0,0,0.000971303206456754,4.88781487171786e-09,0,0,0,4.35477495360407,2.72983784968524e-08,0,0,0,0.0144698926381125,4.86842877305885e-06,0,0,0,0.0144698926381125,4.86842877305885e-06,0,0,0,0,0,0,0,0,0,0,0,0,0,0,0,0,0,0,0.017095264482218,6.75076413958229e-06,0,0,0,0.378691061845971,0.000117699984385579,0,0,0,0.0605905698953554,1.88319975016927e-05,0,0,0,0.00263002265029501,2.84326040951469e-12,0,0,0,0.00262876235922113,2.84238873411138e-12,0,0
358,0,10.0045381109956,1.77818654046421e-05,0,0,0,10.0045381109956,1.77818654046421e-05,0,0,0,0,0,0,0,0,0.000969660676490707,2.4889414145052e-09,0,0,0,3.85229138152654,1.19299094918836e-08,0,0,0,0.0128012710329642,2.47577560174696e-06,0,0,0,0.0128012710329642,2.47577560174696e-06,0,0,0,0,0,0,0,0,0,0,0,0,0,0,0,0,0,0,0.0170663554000665,3.43758036823061e-06,0,0,0,0.333509277716053,5.56099413840468e-05,0,0,0,0.0533614844345684,8.89759062144749e-06,0,0,0,0.00232655273737303,1.24255876045082e-12,0,0,0,0.0023254378672606,1.24217782175627e-12,0,0
359,0,10.427746340471,9.57306988988079e-06,0,0,0,10.427746340471,9.57306988988079e-06,0,0,0,0,0,0,0,0,0.000968020924137945,1.2674026180255e-09,0,0,0,4.01524957079143,6.42260273300346e-09,0,0,0,0.0132781820150823,1.25976204917234e-06,0,0,0,0.0132781820150823,1.25976204917234e-06,0,0,0,0,0,0,0,0,0,0,0,0,0,0,0,0,0,0,0.0170374952048468,1.75046239858348e-06,0,0,0,0.34595257513434,2.90598254505396e-05,0,0,0,0.0553524120214943,4.64957207208634e-06,0,0,0,0.00242496970113899,6.68945669388206e-13,0,0,0,0.00242380767020802,6.68740586700668e-13,0,0
360,0,11.5269657176035,5.56589712388639e-06,0,0,0,11.5269657176035,5.56589712388639e-06,0,0,0,0,0,0,0,0,0.000966383944701362,6.45378548011029e-10,0,0,0,4.43850882433763,3.73417790642851e-09,0,0,0,0.0146993698942897,6.41932364563622e-07,0,0,0,0.0146993698942897,6.41932364563622e-07,0,0,0,0,0,0,0,0,0,0,0,0,0,0,0,0,0,0,0.0170086838138884,8.91359119098001e-07,0,0,0,0.383736195400221,1.58107446656877e-05,0,0,0,0.0613977912640354,2.52971914651002e-06,0,0,0,0.0026805928815865,3.88932998516993e-13,0,0,0,0.0026793083575612,3.88813760994039e-13,0,0
361,0,10.575272393744,2.53837560440559e-06,0,0,0,10.575272393744,2.53837560440559e-06,0,0,0,0,0,0,0,0,0.000964749733491797,3.28635481976292e-10,0,0,0,4.0720551261573,1.70300418588584e-09,0,0,0,0.0135474137702842,3.27370032433162e-07,0,0,0,0.0135474137702842,3.27370032433162e-07,0,0,0,0,0,0,0,0,0,0,0,0,0,0,0,0,0,0,0.0169799211446605,4.53892114359104e-07,0,0,0,0.352233751088412,7.62549460421313e-06,0,0,0,0.0563574001741459,1.2200791366741e-06,0,0,0,0.00245927684648324,1.77376263558119e-13,0,0,0,0.00245809837577407,1.77321884252742e-13,0,0
362,0,11.3054796716353,1.41039614632344e-06,0,0,0,11.3054796716353,1.41039614632344e-06,0,0,0,0,0,0,0,0,0.000963118285828016,1.67345630477857e-10,0,0,0,4.35322464864198,9.46239215653243e-10,0,0,0,0.0144556681000817,1.67763297030782e-07,0,0,0,0.0144556681000817,1.67763297030782e-07,0,0,0,0,0,0,0,0,0,0,0,0,0,0,0,0,0,0,0.0169512071147718,2.31128001120194e-07,0,0,0,0.376080983624396,4.06738225020479e-06,0,0,0,0.0601729573799034,6.50781160032767e-07,0,0,0,0.00262908635916434,9.85554691502027e-14,0,0,0,0.00262782651675554,9.85252544086925e-14,0,0
363,0,11.4524333215447,0.105211714435052,0,0,0,11.4524333215447,0.105211714435052,0,0,0,0,0,0,0,0,0.00103304727922189,1.43186951217316e-05,0,0,0,4.40980979757633,7.05868705073208e-05,0,0,0,0.0150437759813565,0.220353149487525,0,0,0,0.0150437759813565,0.220353149487525,0,0,0,0,0,0,0,0,0,0,0,0,0,0,0,0,0,0,0.023535454090288,1.8046217689368,0,0,0,0.391481718505823,5.81732291592213,0,0,0,0.0626370749609317,0.930771666547541,0,0,0,0.00266326039225518,7.35196980172819e-09,0,0,0,0.00266198417385478,7.34971586423425e-09,0,0
364,0,11.4604568756679,0.0940037774022313,0,0,0,11.4604568756679,0.0940037774022313,0,0,0,0,0,0,0,0,0.00103210302311106,1.18399310896495e-05,0,0,0,4.41289930236455,6.30674302602148e-05,0,0,0,0.0145401106225452,0.0121197953445857,0,0,0,0.0145401106225452,0.0121197953445857,0,0,0,0,0,0,0,0,0,0,0,0,0,0,0,0,0,0,0.018165366278636,0.0194741562499531,0,0,0,0.377806574580176,0.286802666794443,0,0,0,0.0604490519328281,0.0458884266871109,0,0,0,0.00266512626768107,6.56878310956723e-09,0,0,0,0.00266384915516436,6.56676927831663e-09,0,0
