"daynum","ind.derm.exp1","ind.derm.exp2","ind.derm.exp3","ind.derm.exp4","ind.derm.exp5","ind.derm.pr.exp1","ind.derm.pr.exp2","ind.derm.pr.exp3","ind.derm.pr.exp4","ind.derm.pr.exp5","ind.derm.ar.exp1","ind.derm.ar.exp2","ind.derm.ar.exp3","ind.derm.ar.exp4","ind.derm.ar.exp5","ind.derm.max1","ind.derm.max2","ind.derm.max3","ind.derm.max4","ind.derm.max5","ind.derm.abs1","ind.derm.abs2","ind.derm.abs3","ind.derm.abs4","ind.derm.abs5","ind.inhal.exp1","ind.inhal.exp2","ind.inhal.exp3","ind.inhal.exp4","ind.inhal.exp5","ind.inhal.pr.exp1","ind.inhal.pr.exp2","ind.inhal.pr.exp3","ind.inhal.pr.exp4","ind.inhal.pr.exp5","ind.inhal.ar.exp1","ind.inhal.ar.exp2","ind.inhal.ar.exp3","ind.inhal.ar.exp4","ind.inhal.ar.exp5","ind.inhal.amb.in1","ind.inhal.amb.in2","ind.inhal.amb.in3","ind.inhal.amb.in4","ind.inhal.amb.in5","ind.inhal.amb.out1","ind.inhal.amb.out2","ind.inhal.amb.out3","ind.inhal.amb.out4","ind.inhal.amb.out5","ind.inhal.max1","ind.inhal.max2","ind.inhal.max3","ind.inhal.max4","ind.inhal.max5","ind.inhal.mass1","ind.inhal.mass2","ind.inhal.mass3","ind.inhal.mass4","ind.inhal.mass5","ind.inhal.abs1","ind.inhal.abs2","ind.inhal.abs3","ind.inhal.abs4","ind.inhal.abs5","ind.ingest.exp1","ind.ingest.exp2","ind.ingest.exp3","ind.ingest.exp4","ind.ingest.exp5","ind.ingest.abs1","ind.ingest.abs2","ind.ingest.abs3","ind.ingest.abs4","ind.ingest.abs5"
1,0,0,0,0,0,0,0,0,0,0,0,0,0,0,0,0,0,0,0,0,0,0,0,0,0,0,0,0,0,0,0,0,0,0,0,0,0,0,0,0,0,0,0,0,0,0,0,0,0,0,0,0,0,0,0,0,0,0,0,0,0,0,0,0,0,0,0,0,0,0,0,0,0,0,0
2,0,0,0,0,0,0,0,0,0,0,0,0,0,0,0,0,0,0,0,0,0,0,0,0,0,0,0,0,0,0,0,0,0,0,0,0,0,0,0,0,0,0,0,0,0,0,0,0,0,0,0,0,0,0,0,0,0,0,0,0,0,0,0,0,0,0,0,0,0,0,0,0,0,0,0
3,0,0,0,0,0,0,0,0,0,0,0,0,0,0,0,0,0,0,0,0,0,0,0,0,0,0,0,0,0,0,0,0,0,0,0,0,0,0,0,0,0,0,0,0,0,0,0,0,0,0,0,0,0,0,0,0,0,0,0,0,0,0,0,0,0,0,0,0,0,0,0,0,0,0,0
4,0,0,0,0,0,0,0,0,0,0,0,0,0,0,0,0,0,0,0,0,0,0,0,0,0,0,0,0,0,0,0,0,0,0,0,0,0,0,0,0,0,0,0,0,0,0,0,0,0,0,0,0,0,0,0,0,0,0,0,0,0,0,0,0,0,0,0,0,0,0,0,0,0,0,0
5,0,0,0,0,0,0,0,0,0,0,0,0,0,0,0,0,0,0,0,0,0,0,0,0,0,0,0,0,0,0,0,0,0,0,0,0,0,0,0,0,0,0,0,0,0,0,0,0,0,0,0,0,0,0,0,0,0,0,0,0,0,0,0,0,0,0,0,0,0,0,0,0,0,0,0
6,0,0,0.116892019584338,1.7482131148405e-06,0,0,0,0.116892019584338,1.7482131148405e-06,0,0,0,0,0,0,0,0,4.2865511652137e-05,5.9266897663749e-10,0,0,0,7.77491964302526e-05,5.92217813900082e-07,0,0,0,0.473325343729165,2.56721028616256e-07,0,0,0,0.473325343729165,2.56721028616256e-07,0,0,0,0,0,0,0,0,0,0,0,0,0,0,0,0,0,0,5.00580836459654,4.58442790342122e-06,0,0,0,7.73319510888337,4.22902390609802e-06,0,0,0,1.23731121742134,6.76643824975683e-07,0,0,0,9.84503806463708e-08,4.93212620952589e-07,0,0,0,9.84201981224738e-08,3.93986012181771e-07,0
7,0,0,0.200026225927362,6.29032351982905e-06,0,0,0,0.200026225927362,6.29032351982905e-06,0,0,0,0,0,0,0,0,3.37531230094356e-05,1.17557066512164e-09,0,0,0,0.000133044825353607,2.13088530912738e-06,0,0,0,0.022299973551102,2.81302866994481e-07,0,0,0,0.022299973551102,2.81302866994481e-07,0,0,0,0,0,0,0,0,0,0,0,0,0,0,0,0,0,0,0.0571248336057606,4.59328016518823e-06,0,0,0,0.270829379519903,4.61395525688757e-06,0,0,0,0.0433327007231844,7.38232841102012e-07,0,0,0,1.68468798399e-07,1.77465031209176e-06,0,0,0,1.68417149908662e-07,1.41761862891457e-06,0
8,0,0,0.049994385844241,3.85055997002031e-06,0,0,0,0.049994385844241,3.85055997002031e-06,0,0,0,0,0,0,0,0,1.56489031890989e-05,1.15833326704911e-09,0,0,0,3.32531111981451e-05,1.30440058387541e-06,0,0,0,0.00720763450105952,1.11175614214293e-08,0,0,0,0.00720763450105952,1.11175614214293e-08,0,0,0,0,0,0,0,0,0,0,0,0,0,0,0,0,0,0,0.0142976443154328,1.75000662568976e-08,0,0,0,0.0798423678712151,1.31746669130307e-07,0,0,0,0.0127747788593944,2.10794670608492e-08,0,0,0,4.21069490804362e-08,1.08633481743564e-06,0,0,0,4.2094040100415e-08,8.67781367372636e-07,0
9,0,0,0.0265517736809584,3.32159748256924e-06,0,0,0,0.0265517736809584,3.32159748256924e-06,0,0,0,0,0,0,0,0,1.12939893405555e-05,1.14674184094941e-09,0,0,0,1.76605646376312e-05,1.1252113275461e-06,0,0,0,0.00413409864767409,1.09405076189868e-08,0,0,0,0.00413409864767409,1.09405076189868e-08,0,0,0,0,0,0,0,0,0,0,0,0,0,0,0,0,0,0,0.0081744322464943,1.73249433189715e-08,0,0,0,0.044702749702577,1.23800850711487e-07,0,0,0,0.00715243995241233,1.9808136113838e-08,0,0,0,2.23627946118308e-08,9.37101882041976e-07,0,0,0,2.23559387157098e-08,7.48571747415282e-07,0
10,0,0,0.0160029879227559,3.57942580703347e-06,0,0,0,0.0160029879227559,3.57942580703347e-06,0,0,0,0,0,0,0,0,5.1153215971535e-06,1.11907185496399e-09,0,0,0,1.06441778994126e-05,1.21255223889126e-06,0,0,0,0.00232249960282188,1.05626582469188e-08,0,0,0,0.00232249960282188,1.05626582469188e-08,0,0,0,0,0,0,0,0,0,0,0,0,0,0,0,0,0,0,0.00467360622404038,1.69069059528305e-08,0,0,0,0.0256741641809296,1.24211617175672e-07,0,0,0,0.00410786626894873,1.98738587481075e-08,0,0,0,1.34782533322377e-08,1.00984140251882e-06,0,0,0,1.34741212232441e-08,8.06677222383327e-07,0
11,0,0,0.00714163588408457,2.82400968262559e-06,0,0,0,0.00714163588408457,2.82400968262559e-06,0,0,0,0,0,0,0,0,2.92460664346123e-06,1.09994303782376e-09,0,0,0,4.75016560719454e-06,9.5665043722646e-07,0,0,0,0.00135581980898671,1.05716024838529e-08,0,0,0,0.00135581980898671,1.05716024838529e-08,0,0,0,0,0,0,0,0,0,0,0,0,0,0,0,0,0,0,0.00267206265571969,1.66179083241759e-08,0,0,0,0.0138533921773435,1.14797302623979e-07,0,0,0,0.00221654274837497,1.83675684198367e-08,0,0,0,6.01492534499861e-09,7.96720494394836e-07,0,0,0,6.01308131324604e-09,6.36432883253984e-07,0
12,0,0,0.00520415127617281,3.37889480353776e-06,0,0,0,0.00520415127617281,3.37889480353776e-06,0,0,0,0,0,0,0,0,2.1107214900234e-06,1.08893592199665e-09,0,0,0,3.46147308655213e-06,1.14462114313337e-06,0,0,0,0.000752576921696709,1.00896290933553e-08,0,0,0,0.000752576921696709,1.00896290933553e-08,0,0,0,0,0,0,0,0,0,0,0,0,0,0,0,0,0,0,0.00152771082838879,1.64516131293896e-08,0,0,0,0.00832961784226813,1.18177624025976e-07,0,0,0,0.0013327388547629,1.89084198441561e-08,0,0,0,4.3831108051893e-09,9.53266823037183e-07,0,0,0,4.38176704861109e-09,7.61484556960899e-07,0
13,0,0,0.00713086479738682,1.12031628938992e-05,0,0,0,0.00713086479738682,1.12031628938992e-05,0,0,0,0,0,0,0,0,1.17898575095126e-06,1.65791760705705e-09,0,0,0,4.74300135989684e-06,3.79513949499048e-06,0,0,0,0.000667428041555165,2.90184938486439e-07,0,0,0,0.000667428041555165,2.90184938486439e-07,0,0,0,0,0,0,0,0,0,0,0,0,0,0,0,0,0,0,0.000873445227858162,4.60058919547755e-06,0,0,0,0.00868520267380373,4.74072742972113e-06,0,0,0,0.0013896324278086,7.58516388755381e-07,0,0,0,6.00585357440949e-09,3.16067948864629e-06,0,0,0,6.00401232384407e-09,2.524800572036e-06,0
14,0,0,0.00340699818847873,1.12821143159743e-05,0,0,0,0.00340699818847873,1.12821143159743e-05,0,0,0,0,0,0,0,0,6.585460978704e-07,2.21600714110806e-09,0,0,0,2.26612023930708e-06,3.82188476888683e-06,0,0,0,0.000381325555322426,2.96530377265113e-07,0,0,0,0.000381325555322426,2.96530377265113e-07,0,0,0,0,0,0,0,0,0,0,0,0,0,0,0,0,0,0,0.000499378908554835,4.60904505977824e-06,0,0,0,0.00461792869491046,4.79041655891784e-06,0,0,0,0.000738868591185673,7.66466649426855e-07,0,0,0,2.86948817986005e-09,3.18295356809291e-06,0,0,0,2.86860846365183e-09,2.54259345762609e-06,0
15,0,0,0.000796392299966948,5.76921053812795e-06,0,0,0,0.000796392299966948,5.76921053812795e-06,0,0,0,0,0,0,0,0,3.19861842835445e-07,2.18407429913733e-09,0,0,0,5.2970991164197e-07,1.95435512056044e-06,0,0,0,0.000142934913264752,2.08126189029194e-08,0,0,0,0.000142934913264752,2.08126189029194e-08,0,0,0,0,0,0,0,0,0,0,0,0,0,0,0,0,0,0,0.000285512229451341,3.2996932775974e-08,0,0,0,0.00148275944287482,2.28539133545677e-07,0,0,0,0.000237241510859971,3.65662613673083e-08,0,0,0,6.70748314165412e-10,1.6276319095095e-06,0,0,0,6.70542678830248e-10,1.30017801265692e-06,0
16,0,0,0.000544001600714907,6.57574174922451e-06,0,0,0,0.000544001600714907,6.57574174922451e-06,0,0,0,0,0,0,0,0,1.78665236867333e-07,2.14519926531179e-09,0,0,0,3.61835542432722e-07,2.22757246839013e-06,0,0,0,8.45468628689878e-05,2.12251430916556e-08,0,0,0,8.45468628689878e-05,2.12251430916556e-08,0,0,0,0,0,0,0,0,0,0,0,0,0,0,0,0,0,0,0.000163237236835211,3.24096098635905e-08,0,0,0,0.000914750321168076,2.41856971388418e-07,0,0,0,0.000146360051386892,3.86971154221468e-08,0,0,0,4.58176399493005e-10,1.85517360286952e-06,0,0,0,4.58035933605154e-10,1.48194190223228e-06,0
17,0,0,0.000352242187952784,7.20891715329358e-06,0,0,0,0.000352242187952784,7.20891715329358e-06,0,0,0,0,0,0,0,0,1.28944709819059e-07,2.12373228386496e-09,0,0,0,2.34289279623606e-07,2.44206448336812e-06,0,0,0,4.76655663151991e-05,2.04713826564454e-08,0,0,0,4.76655663151991e-05,2.04713826564454e-08,0,0,0,0,0,0,0,0,0,0,0,0,0,0,0,0,0,0,9.33283857605693e-05,3.20852873146828e-08,0,0,0,0.000539181363704839,2.44111558986499e-07,0,0,0,8.62690181927743e-05,3.90578494378399e-08,0,0,0,2.96670188495131e-10,2.0338074878991e-06,0,0,0,2.96579236535423e-10,1.62463746397077e-06,0
18,0,0,0.000174609818520792,6.3342955909455e-06,0,0,0,0.000174609818520792,6.3342955909455e-06,0,0,0,0,0,0,0,0,5.84021853648821e-08,2.07248828069623e-09,0,0,0,1.16139434728723e-07,2.14578111536987e-06,0,0,0,2.65907549782146e-05,1.96887352232353e-08,0,0,0,2.65907549782146e-05,1.96887352232353e-08,0,0,0,0,0,0,0,0,0,0,0,0,0,0,0,0,0,0,5.33590727063495e-05,3.13110943632854e-08,0,0,0,0.000289489385834891,2.2723125863856e-07,0,0,0,4.63183017335825e-05,3.63570013821697e-08,0,0,0,1.47062247355243e-10,1.78705588224791e-06,0,0,0,1.47017161599698e-10,1.42752839380506e-06,0
19,0,0,7.98906266127583e-05,5.04938679187457e-06,0,0,0,7.98906266127583e-05,5.04938679187457e-06,0,0,0,0,0,0,0,0,3.33905534709361e-08,2.03706227192757e-09,0,0,0,5.31382043319883e-08,1.71051045323655e-06,0,0,0,1.61033833516476e-05,2.04219589230241e-08,0,0,0,1.61033833516476e-05,2.04219589230241e-08,0,0,0,0,0,0,0,0,0,0,0,0,0,0,0,0,0,0,3.05072311802955e-05,3.07758792241691e-08,0,0,0,0.000161993760721135,2.16653983163583e-07,0,0,0,2.59190017153816e-05,3.46646373061733e-08,0,0,0,6.72865660810004e-11,1.42455246027087e-06,0,0,0,6.72659376347176e-11,1.13795494908839e-06,0
20,0,0,0.000124768695342297,1.59707972187116e-05,0,0,0,0.000124768695342297,1.59707972187116e-05,0,0,0,0,0,0,0,0,2.30013484644927e-08,2.60164552186483e-09,0,0,0,8.29882641861242e-08,5.41020458822599e-06,0,0,0,1.33036855539986e-05,3.04400037807603e-07,0,0,0,1.33036855539986e-05,3.04400037807603e-07,0,0,0,0,0,0,0,0,0,0,0,0,0,0,0,0,0,0,1.74420413827253e-05,4.61470847434872e-06,0,0,0,0.00016415743321198,4.59373066855232e-06,0,0,0,2.62651893139168e-05,7.34996906968372e-07,0,0,0,1.05084381233893e-10,4.50574285713545e-06,0,0,0,1.05052164884632e-10,3.59925838225851e-06,0
21,0,0,0.0366546014423546,1.9898319861615e-05,0,0,0,0.0366546014423546,1.9898319861615e-05,0,0,0,0,0,0,0,0,3.2303577616645e-05,3.1377844815941e-09,0,0,0,2.43803282529315e-05,6.74067674512635e-06,0,0,0,0.436831673150769,3.10421333718391e-07,0,0,0,0.436831673150769,3.10421333718391e-07,0,0,0,0,0,0,0,0,0,0,0,0,0,0,0,0,0,0,5.00582213635115,4.62301132080096e-06,0,0,0,6.68435847286764,5.00341868215142e-06,0,0,0,1.06949735565882,8.00546989144227e-07,0,0,0,3.08717351045268e-08,5.61379068043173e-06,0,0,0,3.08622705714654e-08,4.48438444080104e-06,0
22,0,0,0.0782446163021802,7.98699097919118e-06,0,0,0,0.0782446163021802,7.98699097919118e-06,0,0,0,0,0,0,0,0,3.07580481944424e-05,3.08982950611684e-09,0,0,0,5.20433821241213e-05,2.70564171906915e-06,0,0,0,0.0642291557185568,2.83301624925969e-08,0,0,0,0.0642291557185568,2.83301624925969e-08,0,0,0,0,0,0,0,0,0,0,0,0,0,0,0,0,0,0,0.557072180989588,4.66810568405761e-08,0,0,0,0.524283400401303,3.12869764838903e-07,0,0,0,0.0838853440642085,5.00591623742245e-08,0,0,0,6.5900240973431e-08,2.2533206740821e-06,0,0,0,6.58800375411544e-08,1.79998805552401e-06,0
23,0,0,0.0572705764788223,1.03889210001624e-05,0,0,0,0.0572705764788223,1.03889210001624e-05,0,0,0,0,0,0,0,0,1.80000368317705e-05,3.03919613895983e-09,0,0,0,3.80927741359888e-05,3.51931010657026e-06,0,0,0,0.00834422231448085,3.02128094481957e-08,0,0,0,0.00834422231448085,3.02128094481957e-08,0,0,0,0,0,0,0,0,0,0,0,0,0,0,0,0,0,0,0.0160677969639957,4.59160893607254e-08,0,0,0,0.0921342065091633,3.57291030356571e-07,0,0,0,0.0147414730414661,5.71665648570514e-08,0,0,0,4.8235200950644e-08,2.93096242778558e-06,0,0,0,4.82204131956774e-08,2.34129896462817e-06,0
24,0,0,0.0277959342466805,8.4303738171623e-06,0,0,0,0.0277959342466805,8.4303738171623e-06,0,0,0,0,0,0,0,0,1.00542809850756e-05,2.98510051924983e-09,0,0,0,1.8488101748882e-05,2.85584034919899e-06,0,0,0,0.00442873145870495,2.73035258240363e-08,0,0,0,0.00442873145870495,2.73035258240363e-08,0,0,0,0,0,0,0,0,0,0,0,0,0,0,0,0,0,0,0.00918607937023918,4.5098814267227e-08,0,0,0,0.0475539425527479,3.10725639614994e-07,0,0,0,0.00760863080843967,4.97161023383991e-08,0,0,0,2.34106683821369e-08,2.37840954897084e-06,0,0,0,2.3403491233067e-08,1.89991101956035e-06,0
25,0,0,0.0166425334273465,8.93824866979463e-06,0,0,0,0.0166425334273465,8.93824866979463e-06,0,0,0,0,0,0,0,0,5.74838089955885e-06,2.93407480385484e-09,0,0,0,1.10695632186099e-05,3.02788604111578e-06,0,0,0,0.0027088864453471,2.88131397565096e-08,0,0,0,0.0027088864453471,2.88131397565096e-08,0,0,0,0,0,0,0,0,0,0,0,0,0,0,0,0,0,0,0.00525199994566968,4.43279192013452e-08,0,0,0,0.028903313440409,3.28493423497857e-07,0,0,0,0.00462453015046543,5.25589477596571e-08,0,0,0,1.40169000130934e-08,2.52169315956517e-06,0,0,0,1.4012602767955e-08,2.01436822513639e-06,0
26,0,0,0.0113437268131243,9.96504852052208e-06,0,0,0,0.0113437268131243,9.96504852052208e-06,0,0,0,0,0,0,0,0,4.1486711126319e-06,2.90471355504385e-09,0,0,0,7.54513137321905e-06,3.37572072885992e-06,0,0,0,0.00151206732592356,2.76245426845189e-08,0,0,0,0.00151206732592356,2.76245426845189e-08,0,0,0,0,0,0,0,0,0,0,0,0,0,0,0,0,0,0,0.00300275039229418,4.38843302842412e-08,0,0,0,0.0171924902430861,3.32446320725115e-07,0,0,0,0.00275079843889377,5.31914113160183e-08,0,0,0,9.55406730649187e-09,2.81137789037513e-06,0,0,0,9.55113825875331e-09,2.24577295209032e-06,0
27,0,0,0.0138940477071417,2.19732472385447e-05,0,0,0,0.0138940477071417,2.19732472385447e-05,0,0,0,0,0,0,0,0,2.3173233182564e-06,3.42275417026283e-09,0,0,0,9.24144392607108e-06,7.44357100025774e-06,0,0,0,0.00131437998251936,3.14506899407856e-07,0,0,0,0.00131437998251936,3.14506899407856e-07,0,0,0,0,0,0,0,0,0,0,0,0,0,0,0,0,0,0,0.00171677646833508,4.62732902409079e-06,0,0,0,0.0170271786310436,5.06023178308696e-06,0,0,0,0.00272434858096698,8.09637085293914e-07,0,0,0,1.17020331272488e-08,6.19917718804591e-06,0,0,0,1.16984455647408e-08,4.95200040584767e-06,0
28,0,0,0.00790965250515795,2.54957240533403e-05,0,0,0,0.00790965250515795,2.54957240533403e-05,0,0,0,0,0,0,0,0,1.3248940546361e-06,3.95769075525953e-09,0,0,0,5.261001807526e-06,8.63683142203548e-06,0,0,0,0.000749044644248744,3.06317518948193e-07,0,0,0,0.000749044644248744,3.06317518948193e-07,0,0,0,0,0,0,0,0,0,0,0,0,0,0,0,0,0,0,0.000981540606835873,4.63530690905197e-06,0,0,0,0.00969927827081379,4.9000626234543e-06,0,0,0,0.00155188452333021,7.84010019752688e-07,0,0,0,6.66177471038972e-09,7.19295192141332e-06,0,0,0,6.65973237014611e-09,5.74584331978249e-06,0
29,0,0,0.00213221101302108,1.40635914710911e-05,0,0,0,0.00213221101302108,1.40635914710911e-05,0,0,0,0,0,0,0,0,6.28695729719368e-07,3.89967991894526e-09,0,0,0,1.41821223956624e-06,4.76412705401382e-06,0,0,0,0.000301446549874882,4.00256717480894e-08,0,0,0,0.000301446549874882,4.00256717480894e-08,0,0,0,0,0,0,0,0,0,0,0,0,0,0,0,0,0,0,0.000561180783076584,5.89162539862939e-08,0,0,0,0.00336085089087581,4.76993616237103e-07,0,0,0,0.00053773614254013,7.63189785979364e-08,0,0,0,1.79581965130523e-09,3.96767462192168e-06,0,0,0,1.79526909609981e-09,3.16944099870471e-06,0
30,0,0,0.000969606800782129,1.076126293013e-05,0,0,0,0.000969606800782129,1.076126293013e-05,0,0,0,0,0,0,0,0,3.51170588126632e-07,3.83026827447069e-09,0,0,0,6.44921269066854e-07,3.64544319750573e-06,0,0,0,0.00015932777181209,3.60972979251408e-08,0,0,0,0.00015932777181209,3.60972979251408e-08,0,0,0,0,0,0,0,0,0,0,0,0,0,0,0,0,0,0,0.000320846503039387,5.78675848233802e-08,0,0,0,0.00169505411901125,4.05900954741813e-07,0,0,0,0.0002712086590418,6.49441527586902e-08,0,0,0,8.16635378135779e-10,3.03600896794189e-06,0,0,0,8.16385017328092e-10,2.42521179591327e-06,0
31,0,0,0.000434142440391699,8.34729878181047e-06,0,0,0,0.000434142440391699,8.34729878181047e-06,0,0,0,0,0,0,0,0,1.96153363440614e-07,3.76209210995569e-09,0,0,0,2.88764160263052e-07,2.82769817625218e-06,0,0,0,8.47207952298992e-05,3.27089270510845e-08,0,0,0,8.47207952298992e-05,3.27089270510845e-08,0,0,0,0,0,0,0,0,0,0,0,0,0,0,0,0,0,0,0.000183439065657661,5.68375812569721e-08,0,0,0,0.000859199973813854,3.49939688605712e-07,0,0,0,0.000137471995810217,5.59903501769139e-08,0,0,0,3.65649328870301e-10,2.35497209985564e-06,0,0,0,3.65537229561653e-10,1.88118881595012e-06,0
32,0,0,0.00031190832511059,1.01494744674804e-05,0,0,0,0.00031190832511059,1.01494744674804e-05,0,0,0,0,0,0,0,0,1.1479082412487e-07,3.70044230348424e-09,0,0,0,2.07461738820908e-07,3.43819613886968e-06,0,0,0,5.21189238907383e-05,3.49016619963387e-08,0,0,0,5.21189238907383e-05,3.49016619963387e-08,0,0,0,0,0,0,0,0,0,0,0,0,0,0,0,0,0,0,0.000104878471451581,5.59061777234103e-08,0,0,0,0.000551781139381687,3.89292390600361e-07,0,0,0,8.82849823010699e-05,6.22867824960578e-08,0,0,0,2.62699655999648e-10,2.86340884924325e-06,0,0,0,2.6261911858991e-10,2.28733610178193e-06,0
33,0,0,0.000213387635222858,1.21767830199318e-05,0,0,0,0.000213387635222858,1.21767830199318e-05,0,0,0,0,0,0,0,0,6.7176688037043e-08,3.63980275899651e-09,0,0,0,1.41931991813683e-07,4.12495922790145e-06,0,0,0,3.09988311809101e-05,3.59805944064138e-08,0,0,0,3.09988311809101e-05,3.59805944064138e-08,0,0,0,0,0,0,0,0,0,0,0,0,0,0,0,0,0,0,5.99626569977605e-05,5.49900371993423e-08,0,0,0,0.000342579461115535,4.22961377791258e-07,0,0,0,5.48127137784856e-05,6.76738204466012e-08,0,0,0,1.79722225585827e-10,3.43536095058954e-06,0,0,0,1.79667127064796e-10,2.7442204514427e-06,0
34,0,0,0.00026644245184639,2.7984681377362e-05,0,0,0,0.00026644245184639,2.7984681377362e-05,0,0,0,0,0,0,0,0,4.62751961142388e-08,4.17743774642749e-09,0,0,0,1.7722070847631e-07,9.47998083717828e-06,0,0,0,2.61270638894475e-05,3.26516010900133e-07,0,0,0,2.61270638894475e-05,3.26516010900133e-07,0,0,0,0,0,0,0,0,0,0,0,0,0,0,0,0,0,0,3.42827291861421e-05,4.63876456670796e-06,0,0,0,0.000333450386129989,5.2196581806297e-06,0,0,0,5.33520617807983e-05,8.35145308900753e-07,0,0,0,2.24406772146694e-10,7.89514615322579e-06,0,0,0,2.24337974416117e-10,6.3067671352244e-06,0
35,0,0,0.000155420203742507,2.9995931623478e-05,0,0,0,0.000155420203742507,2.9995931623478e-05,0,0,0,0,0,0,0,0,2.64571334202104e-08,4.68511082845292e-09,0,0,0,1.03375713696927e-07,1.01613040773769e-05,0,0,0,1.49691428848044e-05,3.33332976946634e-07,0,0,0,1.49691428848044e-05,3.33332976946634e-07,0,0,0,0,0,0,0,0,0,0,0,0,0,0,0,0,0,0,1.96006244435475e-05,4.64645102495821e-06,0,0,0,0.00019247114596946,5.30245000237729e-06,0,0,0,3.07953833551136e-05,8.48392000380366e-07,0,0,0,1.3090010997326e-10,8.4625678233057e-06,0,0,0,1.30859979141145e-10,6.76003250501265e-06,0
36,0,0,4.02226083662392e-05,1.5233101760461e-05,0,0,0,4.02226083662392e-05,1.5233101760461e-05,0,0,0,0,0,0,0,0,1.54829674904202e-08,4.6425183477313e-09,0,0,0,2.67535413446041e-08,5.16030576988366e-06,0,0,0,5.62617054589772e-06,4.40350762097865e-08,0,0,0,5.62617054589772e-06,4.40350762097865e-08,0,0,0,0,0,0,0,0,0,0,0,0,0,0,0,0,0,0,1.1206356311104e-05,7.01390397225473e-08,0,0,0,6.29523758485824e-05,5.21936734067903e-07,0,0,0,1.00723801357732e-05,8.35098774508645e-08,0,0,0,3.38768302432234e-11,4.29762137163692e-06,0,0,0,3.38664444201147e-11,3.43300766068828e-06,0
37,0,0,0.0805432674493375,1.3825774060133e-05,0,0,0,0.0805432674493375,1.3825774060133e-05,0,0,0,0,0,0,0,0,4.25894889727586e-05,4.53049800202481e-09,0,0,0,5.35722998398086e-05,4.68356496119496e-06,0,0,0,0.482089794653842,4.47090718377951e-08,0,0,0,0.482089794653842,4.47090718377951e-08,0,0,0,0,0,0,0,0,0,0,0,0,0,0,0,0,0,0,5.00582017643891,6.86343856025353e-08,0,0,0,7.76644971914479,5.09001002728132e-07,0,0,0,1.24263195506317,8.14401604365011e-08,0,0,0,6.78362420898082e-08,3.90058065747819e-06,0,0,0,6.78154451260532e-08,3.11584528284183e-06,0
38,0,0,0.0738146439962167,1.19686919171586e-05,0,0,0,0.0738146439962167,1.19686919171586e-05,0,0,0,0,0,0,0,0,2.86802709841607e-05,4.45305608669964e-09,0,0,0,4.90968440437485e-05,4.05446710258202e-06,0,0,0,0.0229274672333413,4.34876101604096e-08,0,0,0,0.0229274672333413,4.34876101604096e-08,0,0,0,0,0,0,0,0,0,0,0,0,0,0,0,0,0,0,0.124699339461333,6.72766454866587e-08,0,0,0,0.210042966626669,4.76564220374637e-07,0,0,0,0.033606874660267,7.6250275259942e-08,0,0,0,6.21691696708233e-08,3.3766534867658e-06,0,0,0,6.21501100954623e-08,2.6973240044042e-06,0
39,0,0,0.0456676407019254,1.23637529006482e-05,0,0,0,0.0456676407019254,1.23637529006482e-05,0,0,0,0,0,0,0,0,1.63975290938647e-05,4.37693792215121e-09,0,0,0,3.03752333141821e-05,4.1882964109274e-06,0,0,0,0.0071403585550839,3.9668221375141e-08,0,0,0,0.0071403585550839,3.9668221375141e-08,0,0,0,0,0,0,0,0,0,0,0,0,0,0,0,0,0,0,0.0149817212179705,6.61266544082362e-08,0,0,0,0.0771053877600622,4.52796761106779e-07,0,0,0,0.01233686204161,7.24474817770847e-08,0,0,0,3.84628191583463e-08,3.4881096138529e-06,0,0,0,3.84510273811e-08,2.78635691471266e-06,0
40,0,0,0.0216825049275909,1.0371943364147e-05,0,0,0,0.0216825049275909,1.0371943364147e-05,0,0,0,0,0,0,0,0,9.37503568712676e-06,4.30212088089012e-09,0,0,0,1.44218342767094e-05,3.51355882922262e-06,0,0,0,0.00434121647464669,4.13565261282537e-08,0,0,0,0.00434121647464669,4.13565261282537e-08,0,0,0,0,0,0,0,0,0,0,0,0,0,0,0,0,0,0,0.00856548787927432,6.49963206636609e-08,0,0,0,0.0437467432642058,4.40627060973028e-07,0,0,0,0.00699947892227294,7.05003297556844e-08,0,0,0,1.8261733102729e-08,2.92617263168712e-06,0,0,0,1.82561344936413e-08,2.33747280004149e-06,0
41,0,0,0.0374599171094678,2.91842100345298e-05,0,0,0,0.0374599171094678,2.91842100345298e-05,0,0,0,0,0,0,0,0,6.76606863996447e-06,4.8151027706192e-09,0,0,0,2.49159734254025e-05,9.88632845751585e-06,0,0,0,0.00373255444955581,3.347240317184e-07,0,0,0,0.00373255444955581,3.347240317184e-07,0,0,0,0,0,0,0,0,0,0,0,0,0,0,0,0,0,0,0.00489718628239339,4.6484191766521e-06,0,0,0,0.0473251173518679,5.30223058739581e-06,0,0,0,0.00757201877629887,8.4835689398333e-07,0,0,0,3.15499989778836e-08,8.23356180054429e-06,0,0,0,3.15403265053969e-08,6.57709888604094e-06,0
42,0,0,35.8898268949988,3.14399180856025e-05,0,0,0,35.8898268949988,3.14399180856025e-05,0,0,0,0,0,0,0,0,0.00667179549962232,5.326613327413e-09,0,0,0,0.0238716484754868,1.0650463264344e-05,0,0,0,75.8374866175255,3.22808542313622e-07,0,0,0,75.8374866175255,3.22808542313622e-07,0,0,0,0,0,0,0,0,0,0,0,0,0,0,0,0,0,0,780.302622886849,4.65595596377637e-06,0,0,0,1248.56366398751,5.06954044900512e-06,0,0,0,199.770186238002,8.11126471840819e-07,0,0,0,3.02276163223929e-05,8.86995084861236e-06,0,0,0,3.02183492606912e-05,7.08545648394717e-06,0
43,0,0,13.6982620566323,2.03070685563652e-05,0,0,0,13.6982620566323,2.03070685563652e-05,0,0,0,0,0,0,0,0,0.00370466463879365,5.24735752174503e-09,0,0,0,0.00911121966393748,6.87914284882078e-06,0,0,0,1.72003584413737,5.21632675072464e-08,0,0,0,1.72003584413737,5.21632675072464e-08,0,0,0,0,0,0,0,0,0,0,0,0,0,0,0,0,0,0,3.40594605785277,7.92769291155999e-08,0,0,0,19.9666144963859,6.46387157972402e-07,0,0,0,3.19465831942175,1.03421945275584e-07,0,0,0,1.15371358837391e-05,5.72910843736726e-06,0,0,0,1.15335988747684e-05,4.5765020818724e-06,0
44,0,0,5.88091124698752,1.53554563933197e-05,0,0,0,5.88091124698752,1.53554563933197e-05,0,0,0,0,0,0,0,0,0.00206931465363237,5.15395813453868e-09,0,0,0,0.00391161112073197,5.20175414512865e-06,0,0,0,0.970919492538966,5.04412854192036e-08,0,0,0,0.970919492538966,5.04412854192036e-08,0,0,0,0,0,0,0,0,0,0,0,0,0,0,0,0,0,0,1.89062650191873,7.78658538135382e-08,0,0,0,10.3165495691182,5.71506469021876e-07,0,0,0,1.65064793105891,9.14410350435002e-08,0,0,0,4.95310075805228e-06,4.3321405321704e-06,0,0,0,4.95158225623428e-06,3.4605821099718e-06,0
45,0,0,3.16771309801526,1.4220766646694e-05,0,0,0,3.16771309801526,1.4220766646694e-05,0,0,0,0,0,0,0,0,0.00118309890560796,5.06585912439321e-09,0,0,0,0.00210696289419977,4.81737109966522e-06,0,0,0,0.564289536772181,5.02244562682802e-08,0,0,0,0.564289536772181,5.02244562682802e-08,0,0,0,0,0,0,0,0,0,0,0,0,0,0,0,0,0,0,1.08093661442159,7.6534856458489e-08,0,0,0,5.86643684662312,5.55460140541816e-07,0,0,0,0.9386298954597,8.88736224866905e-08,0,0,0,2.66795424860538e-06,4.01201748816021e-06,0,0,0,2.66713631786366e-06,3.2048627788779e-06,0
46,0,0,1.99422479441753,1.50680469319773e-05,0,0,0,1.99422479441753,1.50680469319773e-05,0,0,0,0,0,0,0,0,0.00067641864807448,4.9792660317166e-09,0,0,0,0.0013264325128319,5.10439244394617e-06,0,0,0,0.325333762375147,5.00141956188753e-08,0,0,0,0.325333762375147,5.00141956188753e-08,0,0,0,0,0,0,0,0,0,0,0,0,0,0,0,0,0,0,0.618008925471477,7.52266104619929e-08,0,0,0,3.46868482263128,5.6445145819181e-07,0,0,0,0.554989571621005,9.03122333106895e-08,0,0,0,1.67960302852996e-06,4.25105546736228e-06,0,0,0,1.67908810255188e-06,3.39581008270788e-06,0
47,0,0,0.940699758953861,1.25638193737331e-05,0,0,0,0.940699758953861,1.25638193737331e-05,0,0,0,0,0,0,0,0,0.000377827179723596,4.89063849029741e-09,0,0,0,0.000625694128657135,4.25607014418636e-06,0,0,0,0.173943462708374,4.56368647894439e-08,0,0,0,0.173943462708374,4.56368647894439e-08,0,0,0,0,0,0,0,0,0,0,0,0,0,0,0,0,0,0,0.353337121591337,7.38876280714001e-08,0,0,0,1.79000133059698,5.00345166799111e-07,0,0,0,0.286400212895516,8.00552266878577e-08,0,0,0,7.9228889767053e-07,3.54455313822489e-06,0,0,0,7.92046000909437e-07,2.83144489124873e-06,0
48,0,0,1.43594995107808,3.3198484191686e-05,0,0,0,1.43594995107808,3.3198484191686e-05,0,0,0,0,0,0,0,0,0.000266403404856109,5.42083126566743e-09,0,0,0,0.000955103309938365,1.12461882169271e-05,0,0,0,0.152245499081983,3.44496154427664e-07,0,0,0,0.152245499081983,3.44496154427664e-07,0,0,0,0,0,0,0,0,0,0,0,0,0,0,0,0,0,0,0.202015078340828,4.65734341964803e-06,0,0,0,1.88272048365703,5.22440069971049e-06,0,0,0,0.301235277385125,8.35904111953678e-07,0,0,0,1.20940522522819e-06,9.36608429535117e-06,0,0,0,1.20903445061186e-06,7.48177569778459e-06,0
49,0,0,0.892373421865163,3.71582554140763e-05,0,0,0,0.892373421865163,3.71582554140763e-05,0,0,0,0,0,0,0,0,0.000155901820171248,5.89523995336994e-09,0,0,0,0.00059355049824999,1.25875847760545e-05,0,0,0,0.0886422108413873,3.51187669206582e-07,0,0,0,0.0886422108413873,3.51187669206582e-07,0,0,0,0,0,0,0,0,0,0,0,0,0,0,0,0,0,0,0.11549902170837,4.66477306590428e-06,0,0,0,1.12526800349295,5.52613077921977e-06,0,0,0,0.180042880558872,8.84180924675163e-07,0,0,0,7.51586835215407e-07,1.04832302121669e-05,0,0,0,7.51356416729814e-07,8.37416945677091e-06,0
50,0,0,0.20448851951004,1.72433411801464e-05,0,0,0,0.20448851951004,1.72433411801464e-05,0,0,0,0,0,0,0,0,7.06117142234086e-05,5.79873051251812e-09,0,0,0,0.000136012861508023,5.84128658648764e-06,0,0,0,0.0312428868527322,5.20327563987059e-08,0,0,0,0.0312428868527322,5.20327563987059e-08,0,0,0,0,0,0,0,0,0,0,0,0,0,0,0,0,0,0,0.0660347936656688,8.76070566747708e-08,0,0,0,0.339789186765918,6.06816554202549e-07,0,0,0,0.0543662698825468,9.70906486724079e-08,0,0,0,1.72227091765242e-07,4.86475786346888e-06,0,0,0,1.72174291072357e-07,3.88604522559908e-06,0
51,0,0,0.13111686509465,1.85422042462102e-05,0,0,0,0.13111686509465,1.85422042462102e-05,0,0,0,0,0,0,0,0,4.13226504322924e-05,5.70370609434112e-09,0,0,0,8.72106661841677e-05,6.28128434134377e-06,0,0,0,0.0197150741234393,5.66185703626629e-08,0,0,0,0.0197150741234393,5.66185703626629e-08,0,0,0,0,0,0,0,0,0,0,0,0,0,0,0,0,0,0,0.037754380166767,8.61714304509197e-08,0,0,0,0.215485510217439,6.57532402488693e-07,0,0,0,0.0344776816347902,1.05205184398191e-07,0,0,0,1.10431022781787e-07,5.23119811702474e-06,0,0,0,1.10397167280547e-07,4.1787634734057e-06,0
52,0,0,0.0780959300012838,1.36436222595088e-05,0,0,0,0.0780959300012838,1.36436222595088e-05,0,0,0,0,0,0,0,0,4.93324734038588e-05,5.60620998592208e-09,0,0,0,5.19444853777395e-05,4.62185993207241e-06,0,0,0,0.447669378554425,5.36014670392627e-08,0,0,0,0.447669378554425,5.36014670392627e-08,0,0,0,0,0,0,0,0,0,0,0,0,0,0,0,0,0,0,5.01945673734845,8.46984620007743e-08,0,0,0,6.25020948402745,5.73570025034067e-07,0,0,0,1.00003351744439,9.17712040054506e-08,0,0,0,6.57750123823587e-08,3.84919128953759e-06,0,0,0,6.57548473421625e-08,3.07479464609139e-06,0
53,0,0,0.152031977813327,1.9239160320938e-05,0,0,0,0.152031977813327,1.9239160320938e-05,0,0,0,0,0,0,0,0,4.42593772920835e-05,5.5103804239554e-09,0,0,0,0.000101122079580119,6.51738244600608e-06,0,0,0,0.0719798401115097,5.50510747201189e-08,0,0,0,0.0719798401115097,5.50510747201189e-08,0,0,0,0,0,0,0,0,0,0,0,0,0,0,0,0,0,0,0.569407650911687,8.32506716873242e-08,0,0,0,0.621130939565559,6.54750826151645e-07,0,0,0,0.0993809503304895,1.04760132184263e-07,0,0,0,1.28046432419995e-07,5.42782605064864e-06,0,0,0,1.2800717645693e-07,4.33583296465756e-06,0
54,0,0,0.0806748843186641,1.79640827572969e-05,0,0,0,0.0806748843186641,1.79640827572969e-05,0,0,0,0,0,0,0,0,2.53047497612361e-05,5.41618892138533e-09,0,0,0,5.36598430772614e-05,6.08544217460419e-06,0,0,0,0.0116130707283489,5.17437917525189e-08,0,0,0,0.0116130707283489,5.17437917525189e-08,0,0,0,0,0,0,0,0,0,0,0,0,0,0,0,0,0,0,0.0231204126400978,8.18276291289361e-08,0,0,0,0.128707726543754,6.13736343445089e-07,0,0,0,0.0205932362470006,9.81978149512143e-08,0,0,0,6.79470942329294e-08,5.06809625469718e-06,0,0,0,6.79262632845678e-08,4.0484751361086e-06,0
55,0,0,0.0999277676383748,3.67215857962645e-05,0,0,0,0.0999277676383748,3.67215857962645e-05,0,0,0,0,0,0,0,0,1.78422089708955e-05,5.90934115935974e-09,0,0,0,6.64656463510504e-05,1.24396602900398e-05,0,0,0,0.0101224349267716,3.51205421185625e-07,0,0,0,0.0101224349267716,3.51205421185625e-07,0,0,0,0,0,0,0,0,0,0,0,0,0,0,0,0,0,0,0.0132183041812041,4.66498656615662e-06,0,0,0,0.12747993001027,5.52082857973185e-06,0,0,0,0.0203967888016432,8.83332572757096e-07,0,0,0,8.41625185031732e-08,1.03600352968199e-05,0,0,0,8.41367162949005e-08,8.27575941745582e-06,0
56,0,0,0.0594629503736468,4.16124457683444e-05,0,0,0,0.0594629503736468,4.16124457683444e-05,0,0,0,0,0,0,0,0,1.02010092423792e-05,6.40214738903354e-09,0,0,0,3.95510029287105e-05,1.40964688199431e-05,0,0,0,0.00578531163214991,3.58496630677088e-07,0,0,0,0.00578531163214991,3.58496630677088e-07,0,0,0,0,0,0,0,0,0,0,0,0,0,0,0,0,0,0,0.0075573626185932,4.67244793183527e-06,0,0,0,0.0740741856323446,5.6373145172845e-06,0,0,0,0.0118518697011751,9.01970322765521e-07,0,0,0,5.00816917994817e-08,1.17398635597841e-05,0,0,0,5.00663379547366e-08,9.37798797310591e-06,0
57,0,0,0.0152692610653121,2.08630050117939e-05,0,0,0,0.0152692610653121,2.08630050117939e-05,0,0,0,0,0,0,0,0,4.72917739789287e-06,6.30149842088509e-09,0,0,0,1.01561490864242e-05,7.06746970068252e-06,0,0,0,0.00216921233402523,6.06383546954657e-08,0,0,0,0.00216921233402523,6.06383546954657e-08,0,0,0,0,0,0,0,0,0,0,0,0,0,0,0,0,0,0,0.00432080613146247,9.52028600230564e-08,0,0,0,0.0241474170061742,7.17220865114305e-07,0,0,0,0.00386358672098787,1.14755338418289e-07,0,0,0,1.28602839562043e-08,5.88595137255487e-06,0,0,0,1.28563413017902e-08,4.70179068956071e-06,0
58,0,0,0.00752010498488106,1.77215587815681e-05,0,0,0,0.00752010498488106,1.77215587815681e-05,0,0,0,0,0,0,0,0,2.70383462179204e-06,6.19378396942439e-09,0,0,0,5.00189937452309e-06,6.00328570437456e-06,0,0,0,0.00124343735677824,5.95663859688599e-08,0,0,0,0.00124343735677824,5.95663859688599e-08,0,0,0,0,0,0,0,0,0,0,0,0,0,0,0,0,0,0,0.00247035461547814,9.35755131350138e-08,0,0,0,0.0132047581470386,6.69403888839397e-07,0,0,0,0.00211276130352618,1.07104622214304e-07,0,0,0,6.33368471940929e-09,4.99967445606312e-06,0,0,0,6.33174296368275e-09,3.99381872537428e-06,0
59,0,0,0.00365793375613295,1.51294608476968e-05,0,0,0,0.00365793375613295,1.51294608476968e-05,0,0,0,0,0,0,0,0,1.54587596254238e-06,6.08791073131939e-09,0,0,0,2.4330267467852e-06,5.12519678101567e-06,0,0,0,0.000716476125933188,5.84227871044512e-08,0,0,0,0.000716476125933188,5.84227871044512e-08,0,0,0,0,0,0,0,0,0,0,0,0,0,0,0,0,0,0,0.00141238735100308,9.1975983246363e-08,0,0,0,0.00726062686188006,6.2831460984476e-07,0,0,0,0.00116170029790081,1.00530337575162e-07,0,0,0,3.0808345338808e-09,4.26838179793254e-06,0,0,0,3.07989002395274e-09,3.40965062854374e-06,0
60,0,0,0.00233222482974215,1.64863543879433e-05,0,0,0,0.00233222482974215,1.64863543879433e-05,0,0,0,0,0,0,0,0,8.83830864619398e-07,5.98384723385149e-09,0,0,0,1.55124881109875e-06,5.58485271156464e-06,0,0,0,0.000405404814854006,5.72823082219442e-08,0,0,0,0.000405404814854006,5.72823082219442e-08,0,0,0,0,0,0,0,0,0,0,0,0,0,0,0,0,0,0,0.000807510798965756,9.04037948681028e-08,0,0,0,0.00424368316876192,6.36817132419928e-07,0,0,0,0.000678989307001908,1.01890741187189e-07,0,0,0,1.96427799825436e-09,4.65119383249371e-06,0,0,0,1.96367579776277e-09,3.71544691295481e-06,0
61,0,0,0.00163970580198551,1.9561186481468e-05,0,0,0,0.00163970580198551,1.9561186481468e-05,0,0,0,0,0,0,0,0,5.17226274161612e-07,5.88578928812883e-09,0,0,0,1.09062884651775e-06,6.62647076435173e-06,0,0,0,0.000243193593867009,5.92111992145508e-08,0,0,0,0.000243193593867009,5.92111992145508e-08,0,0,0,0,0,0,0,0,0,0,0,0,0,0,0,0,0,0,0.000461681910407376,8.89223381958553e-08,0,0,0,0.00266990691962068,6.90081235632516e-07,0,0,0,0.000427185107139309,1.10412997701203e-07,0,0,0,1.38101523891513e-09,5.51867731203208e-06,0,0,0,1.38059185278725e-09,4.40840638361228e-06,0
62,0,0,0.00200437077134845,3.96695203652932e-05,0,0,0,0.00200437077134845,3.96695203652932e-05,0,0,0,0,0,0,0,0,3.56295434795287e-07,6.37058295966214e-09,0,0,0,1.33318097655238e-06,1.34382910354395e-05,0,0,0,0.000201019506504597,2.88709891102569e-07,0,0,0,0.000201019506504597,2.88709891102569e-07,0,0,0,0,0,0,0,0,0,0,0,0,0,0,0,0,0,0,0.000263959549111173,4.67126217484338e-06,0,0,0,0.00254178533792908,4.46899271063542e-06,0,0,0,0.000406685654068653,7.15038833701667e-07,0,0,0,1.68814831070089e-09,1.11917179577294e-05,0,0,0,1.68763076494439e-09,8.94012063015064e-06,0
63,0,0,0.0010902832168021,4.28434754644237e-05,0,0,0,0.0010902832168021,4.28434754644237e-05,0,0,0,0,0,0,0,0,1.99015949161521e-07,6.88257144777737e-09,0,0,0,7.25187607239465e-07,1.45134876085961e-05,0,0,0,0.000115111301269117,3.67025119186607e-07,0,0,0,0.000115111301269117,3.67025119186607e-07,0,0,0,0,0,0,0,0,0,0,0,0,0,0,0,0,0,0,0.000150914822513827,4.67931614003588e-06,0,0,0,0.00142592654970468,5.45869227448154e-06,0,0,0,0.000228148247952749,8.73390763917047e-07,0,0,0,9.18273104427559e-10,1.20871664015942e-05,0,0,0,9.17991583932296e-10,9.65541895490009e-06,0
64,0,0,0.000289600240663118,2.07127043932946e-05,0,0,0,0.000289600240663118,2.07127043932946e-05,0,0,0,0,0,0,0,0,1.09276714936951e-07,6.74007058398757e-09,0,0,0,1.92623808516883e-07,7.01655445301629e-06,0,0,0,4.24161052929004e-05,6.25191053978307e-08,0,0,0,4.24161052929004e-05,6.25191053978307e-08,0,0,0,0,0,0,0,0,0,0,0,0,0,0,0,0,0,0,8.6283234423876e-05,1.02335533070694e-07,0,0,0,0.000467503990715449,7.29139195138681e-07,0,0,0,7.48006385144718e-05,1.16662271222189e-07,0,0,0,2.43911038836947e-10,5.84354798285855e-06,0,0,0,2.43836261566305e-10,4.66791819380588e-06,0
65,0,0,0.000119000761319377,1.53717636525573e-05,0,0,0,0.000119000761319377,1.53717636525573e-05,0,0,0,0,0,0,0,0,5.27502917452728e-08,6.6201019217298e-09,0,0,0,7.9151798386838e-08,5.20727832826993e-06,0,0,0,2.36139229238618e-05,6.00022898430492e-08,0,0,0,2.36139229238618e-05,6.00022898430492e-08,0,0,0,0,0,0,0,0,0,0,0,0,0,0,0,0,0,0,4.9331115516923e-05,1.00016312708034e-07,0,0,0,0.000238495140581004,6.43212376289427e-07,0,0,0,3.81592224929607e-05,1.02913980206308e-07,0,0,0,1.0022643368436e-10,4.3367411989889e-06,0,0,0,1.00195706665227e-10,3.46425719510993e-06,0
66,0,0,7.51552589028868e-05,1.6480262161226e-05,0,0,0,7.51552589028868e-05,1.6480262161226e-05,0,0,0,0,0,0,0,0,3.08699751870452e-08,6.51161760226939e-09,0,0,0,4.99885364970627e-08,5.5827889327509e-06,0,0,0,1.43195388593527e-05,6.28835167246336e-08,0,0,0,1.43195388593527e-05,6.28835167246336e-08,0,0,0,0,0,0,0,0,0,0,0,0,0,0,0,0,0,0,2.82043084545124e-05,9.83773346760708e-08,0,0,0,0.000146172913539897,6.78869473012883e-07,0,0,0,2.33876661663835e-05,1.08619115682061e-07,0,0,0,6.32982805231398e-11,4.64947507001494e-06,0,0,0,6.32788747894901e-11,3.71407393840766e-06,0
67,0,0,5.81854385387186e-05,2.15288505763798e-05,0,0,0,5.81854385387186e-05,2.15288505763798e-05,0,0,0,0,0,0,0,0,1.76494347033341e-08,6.40031148564391e-09,0,0,0,3.87012826573951e-08,7.29302893102275e-06,0,0,0,8.47568848238646e-06,6.42345218120874e-08,0,0,0,8.47568848238646e-06,6.42345218120874e-08,0,0,0,0,0,0,0,0,0,0,0,0,0,0,0,0,0,0,1.61253806459007e-05,9.66957250122997e-08,0,0,0,9.35828333116263e-05,7.52388459788216e-07,0,0,0,1.49732533298602e-05,1.20382153566115e-07,0,0,0,4.90057284713079e-11,6.07380228916868e-06,0,0,0,4.89907044910961e-11,4.85184896134301e-06,0
68,0,0,0.0303600633967496,1.97079573119923e-05,0,0,0,0.0303600633967496,1.97079573119923e-05,0,0,0,0,0,0,0,0,3.23028269940226e-05,6.29090797638191e-09,0,0,0,2.01935986824637e-05,6.67619027489624e-06,0,0,0,0.419444930488075,6.0941082822325e-08,0,0,0,0.419444930488075,6.0941082822325e-08,0,0,0,0,0,0,0,0,0,0,0,0,0,0,0,0,0,0,5.00581418743782,9.50912991217791e-08,0,0,0,6.20134192385261,7.04691458122512e-07,0,0,0,0.992214707816418,1.12750633299602e-07,0,0,0,2.55702639794106e-08,5.56008486434235e-06,0,0,0,2.55624247501609e-08,4.44148338877371e-06,0
69,0,0,0.211894035421388,4.42215005722252e-05,0,0,0,0.211894035421388,4.42215005722252e-05,0,0,0,0,0,0,0,0,3.70386412683144e-05,6.78891392647505e-09,0,0,0,0.000140938543460531,1.49803019860389e-05,0,0,0,0.0727864101001816,3.62693588886463e-07,0,0,0,0.0727864101001816,3.62693588886463e-07,0,0,0,0,0,0,0,0,0,0,0,0,0,0,0,0,0,0,0.557071750598842,4.67833121706575e-06,0,0,0,0.659884969576514,5.67947914084426e-06,0,0,0,0.105581595132242,9.08716662535082e-07,0,0,0,1.78464265722435e-07,1.24759401554275e-05,0,0,0,1.78409552861706e-07,9.96597755459266e-06,0
70,0,0,0.117722331926023,4.602518145533e-05,0,0,0,0.117722331926023,4.602518145533e-05,0,0,0,0,0,0,0,0,2.1187758150194e-05,7.27326507307049e-09,0,0,0,7.8301467813549e-05,1.55913098434323e-05,0,0,0,0.0122495379440353,3.72291285218709e-07,0,0,0,0.0122495379440353,3.72291285218709e-07,0,0,0,0,0,0,0,0,0,0,0,0,0,0,0,0,0,0,0.0160675508946902,4.68563714739015e-06,0,0,0,0.152616594546215,5.79494956734511e-06,0,0,0,0.0244186551273944,9.27191930775218e-07,0,0,0,9.91496975576961e-08,1.2984801556916e-05,0,0,0,9.91193006400177e-08,1.0372464059213e-05,0
71,0,0,0.027664946299715,2.0852652153104e-05,0,0,0,0.027664946299715,2.0852652153104e-05,0,0,0,0,0,0,0,0,1.00541270020717e-05,7.12755272747432e-09,0,0,0,1.84009768309036e-05,7.06396260690264e-06,0,0,0,0.00465191177975774,6.83913947743477e-08,0,0,0,0.00465191177975774,6.83913947743477e-08,0,0,0,0,0,0,0,0,0,0,0,0,0,0,0,0,0,0,0.00918593868388902,1.0768286513749e-07,0,0,0,0.0491651596531811,7.75279455133137e-07,0,0,0,0.00786642554450898,1.24044712821302e-07,0,0,0,2.33003459385288e-08,5.88303058416503e-06,0,0,0,2.32932026116723e-08,4.69945751777788e-06,0
72,0,0,0.0146731119246576,1.80091100176818e-05,0,0,0,0.0146731119246576,1.80091100176818e-05,0,0,0,0,0,0,0,0,5.7482928621388e-06,7.00571814448806e-09,0,0,0,9.75962829053682e-06,6.10069543262217e-06,0,0,0,0.00261204425133132,6.6101565264195e-08,0,0,0,0.00261204425133132,6.6101565264195e-08,0,0,0,0,0,0,0,0,0,0,0,0,0,0,0,0,0,0,0.0052519195104074,1.05842191701541e-07,0,0,0,0.0271590722903891,7.22071774650956e-07,0,0,0,0.00434545156646226,1.15531483944153e-07,0,0,0,1.23581871490131e-08,5.08079951891608e-06,0,0,0,1.23543984254297e-08,4.05862270370659e-06,0
