"daynum","ind.derm.exp1","ind.derm.exp2","ind.derm.exp3","ind.derm.exp4","ind.derm.exp5","ind.derm.pr.exp1","ind.derm.pr.exp2","ind.derm.pr.exp3","ind.derm.pr.exp4","ind.derm.pr.exp5","ind.derm.ar.exp1","ind.derm.ar.exp2","ind.derm.ar.exp3","ind.derm.ar.exp4","ind.derm.ar.exp5","ind.derm.max1","ind.derm.max2","ind.derm.max3","ind.derm.max4","ind.derm.max5","ind.derm.abs1","ind.derm.abs2","ind.derm.abs3","ind.derm.abs4","ind.derm.abs5","ind.inhal.exp1","ind.inhal.exp2","ind.inhal.exp3","ind.inhal.exp4","ind.inhal.exp5","ind.inhal.pr.exp1","ind.inhal.pr.exp2","ind.inhal.pr.exp3","ind.inhal.pr.exp4","ind.inhal.pr.exp5","ind.inhal.ar.exp1","ind.inhal.ar.exp2","ind.inhal.ar.exp3","ind.inhal.ar.exp4","ind.inhal.ar.exp5","ind.inhal.amb.in1","ind.inhal.amb.in2","ind.inhal.amb.in3","ind.inhal.amb.in4","ind.inhal.amb.in5","ind.inhal.amb.out1","ind.inhal.amb.out2","ind.inhal.amb.out3","ind.inhal.amb.out4","ind.inhal.amb.out5","ind.inhal.max1","ind.inhal.max2","ind.inhal.max3","ind.inhal.max4","ind.inhal.max5","ind.inhal.mass1","ind.inhal.mass2","ind.inhal.mass3","ind.inhal.mass4","ind.inhal.mass5","ind.inhal.abs1","ind.inhal.abs2","ind.inhal.abs3","ind.inhal.abs4","ind.inhal.abs5","ind.ingest.exp1","ind.ingest.exp2","ind.ingest.exp3","ind.ingest.exp4","ind.ingest.exp5","ind.ingest.abs1","ind.ingest.abs2","ind.ingest.abs3","ind.ingest.abs4","ind.ingest.abs5"
1,0,0,0,0.00168036825135946,0,0,0,0,0.00168036825135946,0,0,0,0,0,0,0,0,0,3.42614363582949e-07,0,0,0,0,0.000692350412940334,0,0,0,0,1.49342180620994e-05,0,0,0,0,1.49342180620994e-05,0,0,0,0,0,0,0,0,0,0,0,0,0,0,0,0,0,0,0,0.000255955572267035,0,0,0,0,0.000377316513887053,0,0,0,0,6.03706422219285e-05,0,0,0,0,0.000113782275249184,0,0,0,0,9.08910741087951e-05,0
2,0,0,0,0.00231972800198849,0,0,0,0,0.00231972800198849,0,0,0,0,0,0,0,0,0,3.39344112904131e-07,0,0,0,0,0.000955781352561645,0,0,0,0,2.58160068444359e-06,0,0,0,0,2.58160068444359e-06,0,0,0,0,0,0,0,0,0,0,0,0,0,0,0,0,0,0,0,2.75037251928653e-06,0,0,0,0,5.08557490012103e-05,0,0,0,0,8.13691984019365e-06,0,0,0,0,0.000157075051740569,0,0,0,0,0.000125474026047806,0
3,0,0,0,0.00357617487026856,0,0,0,0,0.00357617487026856,0,0,0,0,0,0,0,0,0,6.75723727154396e-07,0,0,0,0,0.0014734663941515,0,0,0,0,1.72820022562675e-05,0,0,0,0,1.72820022562675e-05,0,0,0,0,0,0,0,0,0,0,0,0,0,0,0,0,0,0,0,0.000258658799844893,0,0,0,0,0.000421648804143998,0,0,0,0,6.74638086630397e-05,0,0,0,0,0.00024215246455586,0,0,0,0,0.0001934352037993,0
4,0,0,0,0.00597734385777384,0,0,0,0,0.00597734385777384,0,0,0,0,0,0,0,0,0,1.01008910059719e-06,0,0,0,0,0.00246280330806536,0,0,0,0,2.00864113277052e-05,0,0,0,0,2.00864113277052e-05,0,0,0,0,0,0,0,0,0,0,0,0,0,0,0,0,0,0,0,0.000261371945383432,0,0,0,0,0.00047580110866648,0,0,0,0,7.61281773866368e-05,0,0,0,0,0.000404742105508132,0,0,0,0,0.000323314370591768,0
5,0,0,0,0.00841637551052258,0,0,0,0,0.00841637551052258,0,0,0,0,0,0,0,0,0,1.33966691425365e-06,0,0,0,0,0.00346774051191277,0,0,0,0,1.73620400925265e-05,0,0,0,0,1.73620400925265e-05,0,0,0,0,0,0,0,0,0,0,0,0,0,0,0,0,0,0,0,0.000263696954263849,0,0,0,0,0.000394007878957448,0,0,0,0,6.30412606331918e-05,0,0,0,0,0.000569895529842358,0,0,0,0,0.000455241527942148,0
6,0,0,0,0.00944421734968242,0,0,0,0,0.00944421734968242,0,0,0,0,0,0,0,0,0,1.32614014460718e-06,0,0,0,0,0.0038912350174796,0,0,0,0,1.0168924168791e-05,0,0,0,0,1.0168924168791e-05,0,0,0,0,0,0,0,0,0,0,0,0,0,0,0,0,0,0,0,1.07483208686678e-05,0,0,0,0,0.000203150105239312,0,0,0,0,3.25040168382899e-05,0,0,0,0,0.000639493478364236,0,0,0,0,0.000510837465737103,0
7,0,0,0,0.00810902589132742,0,0,0,0,0.00810902589132742,0,0,0,0,0,0,0,0,0,1.30716977268042e-06,0,0,0,0,0.00334110539154873,0,0,0,0,9.95530773699478e-06,0,0,0,0,9.95530773699478e-06,0,0,0,0,0,0,0,0,0,0,0,0,0,0,0,0,0,0,0,1.05945666479095e-05,0,0,0,0,0.000188396325068567,0,0,0,0,3.01434120109707e-05,0,0,0,0,0.000549084056559223,0,0,0,0,0.000438616995198819,0
8,0,0,0,0.0113412084151032,0,0,0,0,0.0113412084151032,0,0,0,0,0,0,0,0,0,1.62808448714111e-06,0,0,0,0,0.00467283901792752,0,0,0,0,2.49395827027959e-05,0,0,0,0,2.49395827027959e-05,0,0,0,0,0,0,0,0,0,0,0,0,0,0,0,0,0,0,0,0.000266386553829789,0,0,0,0,0.000580531213269029,0,0,0,0,9.28849941230446e-05,0,0,0,0,0.000767943869745013,0,0,0,0,0.000613445662107984,0
9,0,0,0,0.0105968199755373,0,0,0,0,0.0105968199755373,0,0,0,0,0,0,0,0,0,1.60972462037049e-06,0,0,0,0,0.00436613383999732,0,0,0,0,1.23186389152906e-05,0,0,0,0,1.23186389152906e-05,0,0,0,0,0,0,0,0,0,0,0,0,0,0,0,0,0,0,0,1.30467634210434e-05,0,0,0,0,0.000238412668360257,0,0,0,0,3.81460269376411e-05,0,0,0,0,0.00071753931690103,0,0,0,0,0.000573181711172481,0
10,0,0,0,0.0106787231122964,0,0,0,0,0.0106787231122964,0,0,0,0,0,0,0,0,0,1.58852756387204e-06,0,0,0,0,0.00439987981830318,0,0,0,0,1.21251139691497e-05,0,0,0,0,1.21251139691497e-05,0,0,0,0,0,0,0,0,0,0,0,0,0,0,0,0,0,0,0,1.2874961997456e-05,0,0,0,0,0.00023673789318236,0,0,0,0,3.78780629091776e-05,0,0,0,0,0.000723085199622244,0,0,0,0,0.000577611849665568,0
11,0,0,0,0.0111725119496929,0,0,0,0,0.0111725119496929,0,0,0,0,0,0,0,0,0,1.90309016295868e-06,0,0,0,0,0.0046033321896511,0,0,0,0,2.67137455573739e-05,0,0,0,0,2.67137455573739e-05,0,0,0,0,0,0,0,0,0,0,0,0,0,0,0,0,0,0,0,0.000268617135906804,0,0,0,0,0.000599504786006743,0,0,0,0,9.59207657610789e-05,0,0,0,0,0.000756520976194537,0,0,0,0,0.000604320874772176,0
12,0,0,0,0.0114627276652464,0,0,0,0,0.0114627276652464,0,0,0,0,0,0,0,0,0,1.88363888404866e-06,0,0,0,0,0.00472290774717704,0,0,0,0,1.42626360687665e-05,0,0,0,0,1.42626360687665e-05,0,0,0,0,0,0,0,0,0,0,0,0,0,0,0,0,0,0,0,1.5266829232755e-05,0,0,0,0,0.000268618158086251,0,0,0,0,4.29789052938001e-05,0,0,0,0,0.000776172266560221,0,0,0,0,0.000620018635122364,0
13,0,0,0.124849841315185,0.0115690876658299,0,0,0,0.124849841315185,0.0115690876658299,0,0,0,0,0,0,0,0,2.99975253989024e-05,1.85776389601936e-06,0,0,0,8.33267042683124e-05,0.00476673051654008,0,0,0,0.263793288654405,1.40792029807784e-05,0,0,0,0.263793288654405,1.40792029807784e-05,0,0,0,0,0,0,0,0,0,0,0,0,0,0,0,0,0,0,3.68269610483345,1.50571133327981e-05,0,0,0,6.67273428064611,0.000267437001780846,0,0,0,1.06763748490338,4.27899202849354e-05,0,0,0,2.08210026433986e-08,0.000783374189622086,0,0,0,2.08146194236922e-08,0.00062577164473048,0
14,0,0,0.128659062767629,0.0119532636477846,0,0,0,0.128659062767629,0.0119532636477846,0,0,0,0,0,0,0,0,2.2041736085346e-05,1.83224434501738e-06,0,0,0,8.5869037251011e-05,0.00492501986742072,0,0,0,0.00759058245418728,1.39498188320955e-05,0,0,0,0.00759058245418728,1.39498188320955e-05,0,0,0,0,0,0,0,0,0,0,0,0,0,0,0,0,0,0,0.0108238318115327,1.48502782379498e-05,0,0,0,0.138701262779217,0.000269691517323639,0,0,0,0.0221922020446748,4.31506427717822e-05,0,0,0,2.14562602384035e-08,0.000809387783539691,0,0,0,2.14496822639646e-08,0.000646551713396035,0
15,0,0,0.0768373724957602,0.0112282274278527,0,0,0,0.0768373724957602,0.0112282274278527,0,0,0,0,0,0,0,0,1.36460757053957e-05,1.80707534850984e-06,0,0,0,5.12824441526112e-05,0.00462628824959799,0,0,0,0.00465101761464321,1.3753048380329e-05,0,0,0,0.00465101761464321,1.3753048380329e-05,0,0,0,0,0,0,0,0,0,0,0,0,0,0,0,0,0,0,0.00594507398527586,1.46462843753826e-05,0,0,0,0.0841731342810467,0.000260556540543413,0,0,0,0.0134677014849675,4.16890464869461e-05,0,0,0,1.2814042204565e-08,0.00076029362178367,0,0,0,1.28101137267621e-08,0.000607334523506807,0
16,0,0,0.04871835268686,0.0113305380015493,0,0,0,0.04871835268686,0.0113305380015493,0,0,0,0,0,0,0,0,8.61879068823578e-06,1.78327955277273e-06,0,0,0,3.25153778652305e-05,0.00466844256183861,0,0,0,0.0028644603876977,1.34981555630929e-05,0,0,0,0.0028644603876977,1.34981555630929e-05,0,0,0,0,0,0,0,0,0,0,0,0,0,0,0,0,0,0,0.00367412656346268,1.44534202584593e-05,0,0,0,0.0524004825487326,0.000258603007893911,0,0,0,0.00838407720779722,4.13764812630258e-05,0,0,0,8.1246795301434e-09,0.000767221347208043,0,0,0,8.12218869839177e-09,0.00061286849972211,0
17,0,0,0.034073716033734,0.0125730572304058,0,0,0,0.034073716033734,0.0125730572304058,0,0,0,0,0,0,0,0,5.44358352769859e-06,1.75979710307027e-06,0,0,0,2.27413221302995e-05,0.00518038909527802,0,0,0,0.00178602401957887,1.34656712789086e-05,0,0,0,0.00178602401957887,1.34656712789086e-05,0,0,0,0,0,0,0,0,0,0,0,0,0,0,0,0,0,0,0.00227465787809225,1.42630958005133e-05,0,0,0,0.0341508726302785,0.000269628904461241,0,0,0,0.00546413962084456,4.31406247137985e-05,0,0,0,5.68241756765853e-09,0.000851355681920557,0,0,0,5.68067547481031e-09,0.000680076331826909,0
18,0,0,0.0182931910318432,0.0110149830439646,0,0,0,0.0182931910318432,0.0110149830439646,0,0,0,0,0,0,0,0,3.17407446206226e-06,1.73262500924819e-06,0,0,0,1.22091570415856e-05,0.00453842665311599,0,0,0,0.00110504815155696,1.3238027454616e-05,0,0,0,0.00110504815155696,1.3238027454616e-05,0,0,0,0,0,0,0,0,0,0,0,0,0,0,0,0,0,0,0.00140824448287127,1.40428669021882e-05,0,0,0,0.0200186978583835,0.000252992782234384,0,0,0,0.00320299165734136,4.04788451575015e-05,0,0,0,3.05072537392066e-09,0.000745854268288825,0,0,0,3.04979009473842e-09,0.00059580014044311,0
19,0,0,0.0123148275569352,0.0116764555802575,0,0,0,0.0123148275569352,0.0116764555802575,0,0,0,0,0,0,0,0,2.0451833703501e-06,1.71079528385548e-06,0,0,0,8.21910531196798e-06,0.00481096856961586,0,0,0,0.000680573916940161,1.30046129872067e-05,0,0,0,0.000680573916940161,1.30046129872067e-05,0,0,0,0,0,0,0,0,0,0,0,0,0,0,0,0,0,0,0.000871846506077938,1.38659377186863e-05,0,0,0,0.0127464246578285,0.000256204243294629,0,0,0,0.00203942794525256,4.09926789271406e-05,0,0,0,2.05372353232425e-09,0.000790644361254077,0,0,0,2.05309390997861e-09,0.000631579172371669,0
20,0,0,0.00898635545759115,0.0131797967470208,0,0,0,0.00898635545759115,0.0131797967470208,0,0,0,0,0,0,0,0,1.29172721657541e-06,1.68826731613338e-06,0,0,0,5.99763184139151e-06,0.00543037974734834,0,0,0,0.000426432079139453,1.30304324314155e-05,0,0,0,0.000426432079139453,1.30304324314155e-05,0,0,0,0,0,0,0,0,0,0,0,0,0,0,0,0,0,0,0.000544877391183536,1.36833493048001e-05,0,0,0,0.00849363563470485,0.000270180310719998,0,0,0,0.00135898170155278,4.32288497151997e-05,0,0,0,1.49863971604638e-09,0.000892439654215435,0,0,0,1.49818026907679e-09,0.000712894856174042,0
21,0,0,0.00433069981860909,0.0101155477824236,0,0,0,0.00433069981860909,0.0101155477824236,0,0,0,0,0,0,0,0,7.8389193948758e-07,1.66411673217806e-06,0,0,0,2.89037566454786e-06,0.00416783861431126,0,0,0,0.000262991941697036,1.27010644825339e-05,0,0,0,0.000262991941697036,1.27010644825339e-05,0,0,0,0,0,0,0,0,0,0,0,0,0,0,0,0,0,0,0.000335787738794019,1.34876096414082e-05,0,0,0,0.00475385836512383,0.000238298525042275,0,0,0,0.000760617338419812,3.81277640067641e-05,0,0,0,7.22223684236741e-10,0.000684951076137527,0,0,0,7.22002267788523e-10,0.000547149711022861,0
22,0,0,0.00264437966355875,0.0118470880131673,0,0,0,0.00264437966355875,0.0118470880131673,0,0,0,0,0,0,0,0,4.75709240239366e-07,1.98005862159664e-06,0,0,0,1.76489965767941e-06,0.00488127306108109,0,0,0,0.000162342005302753,2.11753927456837e-05,0,0,0,0.000162342005302753,2.11753927456837e-05,0,0,0,0,0,0,0,0,0,0,0,0,0,0,0,0,0,0,0.00020688354552597,0.000268639525502626,0,0,0,0.00292342644950113,0.000453594625951713,0,0,0,0.000467748231920181,7.2575140152274e-05,0,0,0,4.40998846174821e-10,0.000802198344395617,0,0,0,4.40863646512556e-10,0.000640808676138135,0
23,0,0,0.00180496182017397,0.0129588811227687,0,0,0,0.00180496182017397,0.0129588811227687,0,0,0,0,0,0,0,0,3.06518526546259e-07,1.95879356755955e-06,0,0,0,1.20465927886557e-06,0.0053393574231928,0,0,0,0.000100498241093054,1.49430802667742e-05,0,0,0,0.000100498241093054,1.49430802667742e-05,0,0,0,0,0,0,0,0,0,0,0,0,0,0,0,0,0,0,0.000128081947790823,1.58759553921381e-05,0,0,0,0.00187677061223985,0.000290140313657978,0,0,0,0.000300283297958377,4.64224501852764e-05,0,0,0,3.01010513375037e-10,0.000877480860305135,0,0,0,3.00918230775889e-10,0.000700945535922696,0
24,0,0,0.00119425018669157,0.0139314334618145,0,0,0,0.00119425018669157,0.0139314334618145,0,0,0,0,0,0,0,0,1.86012494882812e-07,1.93077311839703e-06,0,0,0,7.97060942012757e-07,0.00574007138157641,0,0,0,6.2391868570973e-05,1.48097432663118e-05,0,0,0,6.2391868570973e-05,1.48097432663118e-05,0,0,0,0,0,0,0,0,0,0,0,0,0,0,0,0,0,0,7.92957473161237e-05,1.56488506025532e-05,0,0,0,0.00119467578423152,0.000297623201289009,0,0,0,0.000191148125477042,4.76197122062414e-05,0,0,0,1.99163138951944e-10,0.000943335007362491,0,0,0,1.99102080313456e-10,0.000753550866124199,0
25,0,0,0.0007458498780134,0.0136808488999908,0,0,0,0.0007458498780134,0.0136808488999908,0,0,0,0,0,0,0,0,1.17484527669561e-07,1.90534845484995e-06,0,0,0,4.97791679661673e-07,0.00563682477196288,0,0,0,3.86527618212106e-05,1.46133013328131e-05,0,0,0,3.86527618212106e-05,1.46133013328131e-05,0,0,0,0,0,0,0,0,0,0,0,0,0,0,0,0,0,0,4.91786942576237e-05,1.54427845673068e-05,0,0,0,0.000742383437671439,0.00029281070218576,0,0,0,0.00011878135002743,4.68497123497217e-05,0,0,0,1.24384157145154e-10,0.000926367249513252,0,0,0,1.24346023947793e-10,0.000739996753827202,0
26,0,0,0.000410327976659246,0.0123244399638555,0,0,0,0.000410327976659246,0.0123244399638555,0,0,0,0,0,0,0,0,6.9885886617872e-08,1.877010445912e-06,0,0,0,2.73859202414071e-07,0.00507795305661746,0,0,0,2.38407535095165e-05,1.43320068547836e-05,0,0,0,2.38407535095165e-05,1.43320068547836e-05,0,0,0,0,0,0,0,0,0,0,0,0,0,0,0,0,0,0,3.03930190602483e-05,1.52131059665336e-05,0,0,0,0.000438122078093692,0.000277466281163432,0,0,0,7.00995324949907e-05,4.43946049861491e-05,0,0,0,6.84297216294775e-11,0.000834521134950603,0,0,0,6.84087427191392e-11,0.000666628630479023,0
27,0,0,0.00028628895136738,0.0132467027504085,0,0,0,0.00028628895136738,0.0132467027504085,0,0,0,0,0,0,0,0,4.41395637709274e-08,1.85229373600603e-06,0,0,0,1.91073649229968e-07,0.00545794656137031,0,0,0,1.4725339505095e-05,1.41242277961999e-05,0,0,0,1.4725339505095e-05,1.41242277961999e-05,0,0,0,0,0,0,0,0,0,0,0,0,0,0,0,0,0,0,1.89781173991184e-05,1.50127778715236e-05,0,0,0,0.000283662536535612,0.000283154644109733,0,0,0,4.53860058456979e-05,4.53047430575573e-05,0,0,0,4.77439374403997e-11,0.000896970040508512,0,0,0,4.7729300295035e-11,0.000716513800121187,0
28,0,0,0.0310867734836793,0.0130146226986064,0,0,0,0.0310867734836793,0.0130146226986064,0,0,0,0,0,0,0,0,2.65740451934342e-05,1.82790249884845e-06,0,0,0,2.07477907335994e-05,0.00536232423598394,0,0,0,0.243195838545945,1.40559234825586e-05,0,0,0,0.243195838545945,1.40559234825586e-05,0,0,0,0,0,0,0,0,0,0,0,0,0,0,0,0,0,0,3.68270386364774,1.4815087722094e-05,0,0,0,5.97707434753835,0.000280476817435594,0,0,0,0.956331895606136,4.4876290789695e-05,0,0,0,5.18429007245918e-09,0.000881255273038566,0,0,0,5.18270069354593e-09,0.000703960596280033,0
29,0,0,0.145553913970196,0.0116155714958657,0,0,0,0.145553913970196,0.0116155714958657,0,0,0,0,0,0,0,0,2.53670145772968e-05,1.80175444022129e-06,0,0,0,9.71449207842501e-05,0.0047858829248853,0,0,0,0.0266224648919494,1.38243683929504e-05,0,0,0,0.0266224648919494,1.38243683929504e-05,0,0,0,0,0,0,0,0,0,0,0,0,0,0,0,0,0,0,0.266342374080628,1.46031585942725e-05,0,0,0,0.364355756318525,0.000265123484409904,0,0,0,0.0582969210109639,4.24197575055846e-05,0,0,0,2.42737867794298e-08,0.000786521735369572,0,0,0,2.42663450189742e-08,0.000628285953863155,0
30,0,0,0.103340585106594,0.0130935372175457,0,0,0,0.103340585106594,0.0130935372175457,0,0,0,0,0,0,0,0,1.60217589234643e-05,1.77802871087454e-06,0,0,0,6.89710958650947e-05,0.00539483883492997,0,0,0,0.00527477083948711,1.36642292033736e-05,0,0,0,0.00527477083948711,1.36642292033736e-05,0,0,0,0,0,0,0,0,0,0,0,0,0,0,0,0,0,0,0.00669485840294066,1.44108623630653e-05,0,0,0,0.101950348340296,0.000276794541861656,0,0,0,0.0163120557344473,4.42871266978649e-05,0,0,0,1.72339393707587e-08,0.000886598788370899,0,0,0,1.72286558585622e-08,0.000708229080514585,0
31,0,0,0.0567370998797653,0.011577363602074,0,0,0,0.0567370998797653,0.011577363602074,0,0,0,0,0,0,0,0,9.53057266139238e-06,1.75158431254286e-06,0,0,0,3.78672130690796e-05,0.00477014039284038,0,0,0,0.00326747888691751,1.34363132882968e-05,0,0,0,0.00326747888691751,1.34363132882968e-05,0,0,0,0,0,0,0,0,0,0,0,0,0,0,0,0,0,0,0.00414479790657337,1.41965314119951e-05,0,0,0,0.0602429027855494,0.000260236992907841,0,0,0,0.00963886444568791,4.16379188652546e-05,0,0,0,9.461952807718e-09,0.000783934575629684,0,0,0,9.45905200007402e-09,0.00062621928990223,0
32,0,0,0.0296300549070032,0.00958028878083744,0,0,0,0.0296300549070032,0.00958028878083744,0,0,0,0,0,0,0,0,5.90039341664256e-06,1.72752331895052e-06,0,0,0,1.97755543513808e-05,0.00394729958039511,0,0,0,0.00199844615313203,1.3028546565605e-05,0,0,0,0.00199844615313203,1.3028546565605e-05,0,0,0,0,0,0,0,0,0,0,0,0,0,0,0,0,0,0,0.00256605129095007,1.40015178754548e-05,0,0,0,0.0348152901375626,0.000237167776122718,0,0,0,0.00557044642201002,3.79468441796349e-05,0,0,0,4.94135551190104e-09,0.0006487072426809,0,0,0,4.93984061089362e-09,0.000518197565836111,0
33,0,0,0.0248987342706726,0.0127067143393464,0,0,0,0.0248987342706726,0.0127067143393464,0,0,0,0,0,0,0,0,3.80185992435733e-06,1.70575787088132e-06,0,0,0,1.66177981915887e-05,0.00523545890184722,0,0,0,0.00124315120977386,1.30311351252545e-05,0,0,0,0.00124315120977386,1.30311351252545e-05,0,0,0,0,0,0,0,0,0,0,0,0,0,0,0,0,0,0,0.00158864663035651,1.38251096574787e-05,0,0,0,0.0242450725599691,0.000265997493611043,0,0,0,0.00387921160959506,4.25595989777669e-05,0,0,0,4.15232095296143e-09,0.000860405965955726,0,0,0,4.15104795101295e-09,0.000687305841301428,0
34,0,0,0.0151156156590061,0.0123044494699633,0,0,0,0.0151156156590061,0.0123044494699633,0,0,0,0,0,0,0,0,2.35373781468005e-06,1.68232638151055e-06,0,0,0,1.00883943670522e-05,0.00506971651281823,0,0,0,0.000774869541015102,1.29283666172381e-05,0,0,0,0.000774869541015102,1.29283666172381e-05,0,0,0,0,0,0,0,0,0,0,0,0,0,0,0,0,0,0,0.00098353377621251,1.36351982312916e-05,0,0,0,0.0149501594866887,0.000261076322887558,0,0,0,0.0023920255178702,4.17722116620092e-05,0,0,0,2.5208063564794e-09,0.000833167524587771,0,0,0,2.52003353774986e-09,0.000665547345195061,0
35,0,0,0.0080539964685657,0.0121761745695694,0,0,0,0.0080539964685657,0.0121761745695694,0,0,0,0,0,0,0,0,1.42837905474069e-06,1.99623437794512e-06,0,0,0,5.37536111255417e-06,0.0050168643001049,0,0,0,0.000480248400948587,2.63224693282479e-05,0,0,0,0.000480248400948587,2.63224693282479e-05,0,0,0,0,0,0,0,0,0,0,0,0,0,0,0,0,0,0,0.000608907399837404,0.000269233542710307,0,0,0,0.00874045247835276,0.000584718516402516,0,0,0,0.00139847239653644,9.35549626244026e-05,0,0,0,1.34315174128726e-09,0.000824481684437929,0,0,0,1.34273996319903e-09,0.000658608959237956,0
36,0,0,0.00540705651182589,0.0136613411941482,0,0,0,0.00540705651182589,0.0136613411941482,0,0,0,0,0,0,0,0,8.84311853075025e-07,1.97463034136778e-06,0,0,0,3.60875267582874e-06,0.00562878714795712,0,0,0,0.000296659243743674,1.51332366271086e-05,0,0,0,0.000296659243743674,1.51332366271086e-05,0,0,0,0,0,0,0,0,0,0,0,0,0,0,0,0,0,0,0.000376975585937211,1.60043119064225e-05,0,0,0,0.00557180041827944,0.000298829421915875,0,0,0,0.000891488066924711,4.781270750654e-05,0,0,0,9.0172591923062e-10,0.000925046330033926,0,0,0,9.01449471705206e-10,0.00073894158253603,0
37,0,0,0.00334902321482429,0.0150543355858946,0,0,0,0.00334902321482429,0.0150543355858946,0,0,0,0,0,0,0,0,5.36649630605944e-07,2.28257463959582e-06,0,0,0,2.23518960112154e-06,0.00620273291345758,0,0,0,0.00018852394663341,3.01525364601255e-05,0,0,0,0.00018852394663341,3.01525364601255e-05,0,0,0,0,0,0,0,0,0,0,0,0,0,0,0,0,0,0,0.00023369486374806,0.000271694617846644,0,0,0,0.00350633019307074,0.000674662052217861,0,0,0,0.000561012830891318,0.000107945928354858,0,0,0,5.58511091997509e-10,0.00101936974466285,0,0,0,5.58339865900969e-10,0.000814288612207011,0
38,0,0,0.0020423792690106,0.0154083352948731,0,0,0,0.0020423792690106,0.0154083352948731,0,0,0,0,0,0,0,0,3.32240680593937e-07,2.25899057071231e-06,0,0,0,1.36311533566906e-06,0.00634858894501125,0,0,0,0.000116703765813827,1.77829271700338e-05,0,0,0,0.000116703765813827,1.77829271700338e-05,0,0,0,0,0,0,0,0,0,0,0,0,0,0,0,0,0,0,0.000144999356099233,1.83090419153576e-05,0,0,0,0.00215821495297652,0.000345412731857177,0,0,0,0.000345314392476243,5.52660370971483e-05,0,0,0,3.40604230737777e-10,0.00104334002159027,0,0,0,3.40499809655135e-10,0.000833436447068347,0
39,0,0,0.00129910482275007,0.0172725356853805,0,0,0,0.00129910482275007,0.0172725356853805,0,0,0,0,0,0,0,0,2.22079925479652e-07,2.56590271087177e-06,0,0,0,8.67042538769065e-07,0.00711668243233292,0,0,0,7.02521926308224e-05,3.21064145343954e-05,0,0,0,7.02521926308224e-05,3.21064145343954e-05,0,0,0,0,0,0,0,0,0,0,0,0,0,0,0,0,0,0,9.04791526264766e-05,0.000273992306094996,0,0,0,0.00132687626060315,0.000717210196488559,0,0,0,0.000212300201696505,0.000114753631438169,0,0,0,2.1664957410916e-10,0.00116957006776065,0,0,0,2.16583154549328e-10,0.000934270996703624,0
40,0,0,0.000744746465765406,0.0183273325047256,0,0,0,0.000744746465765406,0.0183273325047256,0,0,0,0,0,0,0,0,1.27343491670809e-07,2.87225960666821e-06,0,0,0,4.97055245357022e-07,0.00755128301042104,0,0,0,4.37023332337099e-05,3.44051302200729e-05,0,0,0,4.37023332337099e-05,3.44051302200729e-05,0,0,0,0,0,0,0,0,0,0,0,0,0,0,0,0,0,0,5.53810412496032e-05,0.000276476749786379,0,0,0,0.000800134620667653,0.000753368550275902,0,0,0,0.000128021539306825,0.000120538968044144,0,0,0,1.24200142899799e-10,0.00124099321083277,0,0,0,1.2416206611679e-10,0.000991324928661251,0
41,0,0,0.000440825617484333,0.0177634364967862,0,0,0,0.000440825617484333,0.0177634364967862,0,0,0,0,0,0,0,0,7.72791154246948e-08,2.83897928581365e-06,0,0,0,2.94213796950541e-07,0.00731894487047081,0,0,0,2.67053292317709e-05,2.15313434853303e-05,0,0,0,2.67053292317709e-05,2.15313434853303e-05,0,0,0,0,0,0,0,0,0,0,0,0,0,0,0,0,0,0,3.43016094101285e-05,2.30098307688953e-05,0,0,0,0.000483245953996761,0.000409917589184313,0,0,0,7.73193526394817e-05,6.55868142694901e-05,0,0,0,7.3515763017656e-11,0.00120281028828863,0,0,0,7.34932248490931e-11,0.000960823808561051,0
42,0,0,0.000307183221128042,0.0191226468731367,0,0,0,0.000307183221128042,0.0191226468731367,0,0,0,0,0,0,0,0,5.07988485909354e-08,2.80482639879612e-06,0,0,0,2.05018806219425e-07,0.0078789708436929,0,0,0,1.66312530046616e-05,2.13713295230835e-05,0,0,0,1.66312530046616e-05,2.13713295230835e-05,0,0,0,0,0,0,0,0,0,0,0,0,0,0,0,0,0,0,2.12268261444751e-05,2.27330227786153e-05,0,0,0,0.000313972039779597,0.000420344426603052,0,0,0,5.02355263647355e-05,6.72551082564883e-05,0,0,0,5.12284404348438e-11,0.00129484609593874,0,0,0,5.1212735024489e-11,0.00103434346173611,0
43,0,0,0.000176152837775159,0.0180027215465213,0,0,0,0.000176152837775159,0.0180027215465213,0,0,0,0,0,0,0,0,3.0217788191903e-08,2.76311056705092e-06,0,0,0,1.17567113139209e-07,0.00741753582091309,0,0,0,1.02563616131821e-05,2.09713868499248e-05,0,0,0,1.02563616131821e-05,2.09713868499248e-05,0,0,0,0,0,0,0,0,0,0,0,0,0,0,0,0,0,0,1.3141563438936e-05,2.23949173779746e-05,0,0,0,0.000188327995482799,0.000405663741025129,0,0,0,3.01324792772478e-05,6.49061985640207e-05,0,0,0,2.93767189635398e-11,0.00121901292563908,0,0,0,2.93677127665469e-11,0.000973766730549137,0
44,0,0,0.118306433199503,0.0166394710296361,0,0,0,0.118306433199503,0.0166394710296361,0,0,0,0,0,0,0,0,3.00141199358722e-05,2.72672557917158e-06,0,0,0,7.89595330551276e-05,0.0068558452167595,0,0,0,0.264248181624931,2.08576210089443e-05,0,0,0,0.264248181624931,2.08576210089443e-05,0,0,0,0,0,0,0,0,0,0,0,0,0,0,0,0,0,0,3.68270233705191,2.2100018285961e-05,0,0,0,6.67453412149047,0.000391613571862024,0,0,0,1.06792545943847,6.26581714979238e-05,0,0,0,1.97297692366254e-08,0.00112670354915548,0,0,0,1.97237205628919e-08,0.000900028546279811,0
45,0,0,0.134124021429689,0.0190239019698976,0,0,0,0.134124021429689,0.0190239019698976,0,0,0,0,0,0,0,0,2.24985807548223e-05,3.02023388069349e-06,0,0,0,8.95164347124333e-05,0.00783828566978648,0,0,0,0.00743050252458061,3.52580995427748e-05,0,0,0,0.00743050252458061,3.52580995427748e-05,0,0,0,0,0,0,0,0,0,0,0,0,0,0,0,0,0,0,0.00991051561396638,0.000277676767663024,0,0,0,0.139022847202397,0.00076921342396236,0,0,0,0.0222436555523836,0.000123074147833978,0,0,0,2.23676424039727e-08,0.00128815981169674,0,0,0,2.2360785021635e-08,0.00102900235254119,0
46,0,0,0.0922717764359425,0.0225791778250319,0,0,0,0.0922717764359425,0.0225791778250319,0,0,0,0,0,0,0,0,1.39289092363671e-05,2.99378806518177e-06,0,0,0,6.15836027214433e-05,0.00930314118846676,0,0,0,0.00458660552644989,2.30335581355055e-05,0,0,0,0.00458660552644989,2.30335581355055e-05,0,0,0,0,0,0,0,0,0,0,0,0,0,0,0,0,0,0,0.00582033929819328,2.42645506770986e-05,0,0,0,0.0896139718945661,0.000471244625225501,0,0,0,0.0143382355031306,7.53991400360801e-05,0,0,0,1.53880123582518e-08,0.00152889714746133,0,0,0,1.5383294762975e-08,0.00122130712916667,0
47,0,0,0.0482355510473837,0.0207440385792839,0,0,0,0.0482355510473837,0.0207440385792839,0,0,0,0,0,0,0,0,8.28563718910529e-06,3.28426268219624e-06,0,0,0,3.21931486256167e-05,0.00854702156196899,0,0,0,0.00283227166967956,3.74859928528307e-05,0,0,0,0.00283227166967956,3.74859928528307e-05,0,0,0,0,0,0,0,0,0,0,0,0,0,0,0,0,0,0,0.00360814718494725,0.000279817945809289,0,0,0,0.0518376205272165,0.000810605531022818,0,0,0,0.00829401928435465,0.000129696884963651,0,0,0,8.04416349499366e-09,0.0014046349099361,0,0,0,8.04169734752602e-09,0.00112204449607997,0
48,0,0,0.0330672021684257,0.0231179592268584,0,0,0,0.0330672021684257,0.0231179592268584,0,0,0,0,0,0,0,0,5.23316550437458e-06,3.24976969198946e-06,0,0,0,2.20695592965385e-05,0.00952513153239128,0,0,0,0.00174135396362696,2.47357499743908e-05,0,0,0,0.00174135396362696,2.47357499743908e-05,0,0,0,0,0,0,0,0,0,0,0,0,0,0,0,0,0,0,0.00223085965144316,2.63392730705683e-05,0,0,0,0.0332395323257552,0.000495857231900598,0,0,0,0.00531832517212083,7.93371571040958e-05,0,0,0,5.51456290617525e-09,0.001565379492157,0,0,0,5.51287227353773e-09,0.00125044980088891,0
49,0,0,0.020145842849178,0.0222888416090476,0,0,0,0.020145842849178,0.0222888416090476,0,0,0,0,0,0,0,0,3.11295809197892e-06,3.20143627437051e-06,0,0,0,1.34456453580223e-05,0.00918351598198861,0,0,0,0.00107886995056434,2.44387737753222e-05,0,0,0,0.00107886995056434,2.44387737753222e-05,0,0,0,0,0,0,0,0,0,0,0,0,0,0,0,0,0,0,0.00139513228921897,2.59475323609289e-05,0,0,0,0.0204583229223726,0.000484998409059855,0,0,0,0.00327333166757962,7.75997454495769e-05,0,0,0,3.35968906966652e-09,0.00150923769768584,0,0,0,3.3586590696303e-09,0.00120560285095138,0
50,0,0,0.0118716091995321,0.0221229208424594,0,0,0,0.0118716091995321,0.0221229208424594,0,0,0,0,0,0,0,0,2.00580364399377e-06,3.49561372920411e-06,0,0,0,7.92329456359567e-06,0.00911515280554212,0,0,0,0.000676437280049391,3.93487323810317e-05,0,0,0,0.000676437280049391,3.93487323810317e-05,0,0,0,0,0,0,0,0,0,0,0,0,0,0,0,0,0,0,0.000858074700521575,0.000281531926407117,0,0,0,0.0125210091317196,0.000844663047757014,0,0,0,0.00200336146107513,0.000135146087641122,0,0,0,1.9798087360067e-09,0.00149800275420353,0,0,0,1.97920177416365e-09,0.00119662820109117,0
51,0,0,0.00791974560143837,0.0248244814741512,0,0,0,0.00791974560143837,0.0248244814741512,0,0,0,0,0,0,0,0,1.24179637851577e-06,3.45682616496699e-06,0,0,0,5.28576001907226e-06,0.0102282579938971,0,0,0,0.000417448326607719,2.65843153874216e-05,0,0,0,0.000417448326607719,2.65843153874216e-05,0,0,0,0,0,0,0,0,0,0,0,0,0,0,0,0,0,0,0.000529368588442945,2.80174587574047e-05,0,0,0,0.00796479453343771,0.000532511813755031,0,0,0,0.00127436712535003,8.5201890200805e-05,0,0,0,1.32076294503497e-09,0.00168093272514819,0,0,0,1.32035803081433e-09,0.00134275554394346,0
52,0,0,0.00502572453705264,0.0247511862172613,0,0,0,0.00502572453705264,0.0247511862172613,0,0,0,0,0,0,0,0,7.68798207298341e-07,3.40934077039621e-06,0,0,0,3.35424585102817e-06,0.0101980586603086,0,0,0,0.000256898572749989,2.60590986995253e-05,0,0,0,0.000256898572749989,2.60590986995253e-05,0,0,0,0,0,0,0,0,0,0,0,0,0,0,0,0,0,0,0.000330622459813416,2.76325912458416e-05,0,0,0,0.00496181063014349,0.000525626138092499,0,0,0,0.000793889700822959,8.41001820947999e-05,0,0,0,8.38131813133822e-10,0.00167596970523445,0,0,0,8.37874862035079e-10,0.00133879100544399,0
53,0,0,13.4700595195217,0.0213978658589233,0,0,0,13.4700595195217,0.0213978658589233,0,0,0,0,0,0,0,0,0.00311342417305534,3.35863407211323e-06,0,0,0,0.00899012489111776,0.0088164134566824,0,0,0,27.4630005699001,2.5558125525373e-05,0,0,0,27.4630005699001,2.5558125525373e-05,0,0,0,0,0,0,0,0,0,0,0,0,0,0,0,0,0,0,382.746712453843,2.72216151770231e-05,0,0,0,694.284109875685,0.00048934480446789,0,0,0,111.08545758011,7.82951687148625e-05,0,0,0,2.24637966623179e-06,0.00144890732191316,0,0,0,2.24569098013924e-06,0.00115740999627909,0
54,0,0,13.7554310031211,0.0221437019123154,0,0,0,13.7554310031211,0.0221437019123154,0,0,0,0,0,0,0,0,0.00228779489153818,3.31631789919785e-06,0,0,0,0.00918058620824883,0.0091237150848428,0,0,0,0.773446596179935,2.54518562700261e-05,0,0,0,0.773446596179935,2.54518562700261e-05,0,0,0,0,0,0,0,0,0,0,0,0,0,0,0,0,0,0,1.02819713712526,2.68786440315711e-05,0,0,0,14.3902655829756,0.000494945099029493,0,0,0,2.30244249327609,7.9191215844719e-05,0,0,0,2.29397059908186e-06,0.00149940989660128,0,0,0,2.29326732275148e-06,0.00119775224860802,0
55,0,0,8.27145509795997,0.0214455916622108,0,0,0,8.27145509795997,0.0214455916622108,0,0,0,0,0,0,0,0,0.00141637764684068,3.27076262495193e-06,0,0,0,0.00552049634629775,0.00883607758660586,0,0,0,0.475011737341954,2.50145144204473e-05,0,0,0,0.475011737341954,2.50145144204473e-05,0,0,0,0,0,0,0,0,0,0,0,0,0,0,0,0,0,0,0.603791288667282,2.65094200797561e-05,0,0,0,8.76647562052817,0.00048333082493099,0,0,0,1.40263609928451,7.73329319889584e-05,0,0,0,1.37941695916622e-06,0.00145213896502577,0,0,0,1.37899406303254e-06,0.00115999148371198,0
56,0,0,5.89691456811857,0.0242604906100234,0,0,0,5.89691456811857,0.0242604906100234,0,0,0,0,0,0,0,0,0.000894576780692264,3.22769281085031e-06,0,0,0,0.00393569147655259,0.00999588077101301,0,0,0,0.295258307488706,2.48900759409433e-05,0,0,0,0.295258307488706,2.48900759409433e-05,0,0,0,0,0,0,0,0,0,0,0,0,0,0,0,0,0,0,0.373808192968125,2.6160340698065e-05,0,0,0,5.75142637173602,0.000507875122189415,0,0,0,0.920228219477762,8.12600195503064e-05,0,0,0,9.8341874140419e-07,0.0016427433796352,0,0,0,9.83117248820126e-07,0.00131224929307455,0
57,0,0,3.57915477186768,0.0229458645629497,0,0,0,3.57915477186768,0.0229458645629497,0,0,0,0,0,0,0,0,0.000596638623630696,3.18152081814188e-06,0,0,0,0.00238878294168615,0.00945422456808414,0,0,0,0.180894643479735,2.42375591293824e-05,0,0,0,0.180894643479735,2.42375591293824e-05,0,0,0,0,0,0,0,0,0,0,0,0,0,0,0,0,0,0,0.234179787985376,2.578611826404e-05,0,0,0,3.50990511559858,0.000488078459105325,0,0,0,0.561584818495773,7.8092553456852e-05,0,0,0,5.96889753172043e-07,0.00155372649740307,0,0,0,5.96706761099074e-07,0.00124114120508654,0
58,0,0,1.8188043426079,0.0194234325679176,0,0,0,1.8188043426079,0.0194234325679176,0,0,0,0,0,0,0,0,0.000322932544242992,3.13420245747599e-06,0,0,0,0.00121389799123419,0.00800290147605257,0,0,0,0.111110180476291,2.36607395586337e-05,0,0,0,0.111110180476291,2.36607395586337e-05,0,0,0,0,0,0,0,0,0,0,0,0,0,0,0,0,0,0,0.143275773522435,2.54026045566226e-05,0,0,0,2.00449155756117,0.000449580806359658,0,0,0,0.320718649209788,7.19329290175452e-05,0,0,0,3.03319008068759e-07,0.00131521310816174,0,0,0,3.03226017740541e-07,0.00105061295198211,0
59,0,0,1.13026640175973,0.0187777146475171,0,0,0,1.13026640175973,0.0187777146475171,0,0,0,0,0,0,0,0,0.000208078379106929,3.09471394807166e-06,0,0,0,0.000754357179886842,0.00773685082407759,0,0,0,0.0693616100581925,2.34814348512014e-05,0,0,0,0.0693616100581925,2.34814348512014e-05,0,0,0,0,0,0,0,0,0,0,0,0,0,0,0,0,0,0,0.0887022701459199,2.50825515279691e-05,0,0,0,1.24914115831865,0.000441387022373803,0,0,0,0.199862585330984,7.06219235798085e-05,0,0,0,1.88492668399746e-07,0.0012714898028131,0,0,0,1.88434881071438e-07,0.00101568608680895,0
60,0,0,1.00470441371964,0.0228522369007687,0,0,0,1.00470441371964,0.0228522369007687,0,0,0,0,0,0,0,0,0.000143519583908611,3.05396236511535e-06,0,0,0,0.000670555177941603,0.009415647815327,0,0,0,0.30722431064112,2.33318226086294e-05,0,0,0,0.30722431064112,2.33318226086294e-05,0,0,0,0,0,0,0,0,0,0,0,0,0,0,0,0,0,0,3.72476202251921,2.475226133104e-05,0,0,0,7.52477769440651,0.000477219681904198,0,0,0,1.20396443110504,7.63551491046716e-05,0,0,0,1.675529022186e-07,0.00154738671538172,0,0,0,1.67501534520049e-07,0.00123607688732462,0
61,0,0,0.596468169854926,0.0196151568310054,0,0,0,0.596468169854926,0.0196151568310054,0,0,0,0,0,0,0,0,0.000101795447428912,3.01027557820059e-06,0,0,0,0.000398092030165182,0.00808189628722691,0,0,0,0.0340673281106634,2.29380314635162e-05,0,0,0,0.0340673281106634,2.29380314635162e-05,0,0,0,0,0,0,0,0,0,0,0,0,0,0,0,0,0,0,0.0441525756671036,2.43981814056356e-05,0,0,0,0.630141008738609,0.000442779795329826,0,0,0,0.100822561398177,7.08447672527721e-05,0,0,0,9.94720154261184e-08,0.00132819527612221,0,0,0,9.94415196935171e-08,0.001060983312283,0
62,0,0,0.330447873287081,0.0174117946685864,0,0,0,0.330447873287081,0.0174117946685864,0,0,0,0,0,0,0,0,6.17751409894157e-05,2.96721372870245e-06,0,0,0,0.000220545992877736,0.00717406034009226,0,0,0,0.021237360533009,2.27524134016426e-05,0,0,0,0.021237360533009,2.27524134016426e-05,0,0,0,0,0,0,0,0,0,0,0,0,0,0,0,0,0,0,0.0268656967582965,2.40491665767854e-05,0,0,0,0.376238359708083,0.000420610288975231,0,0,0,0.0601981375532934,6.7297646236037e-05,0,0,0,5.5108248202306e-08,0.00117899966984057,0,0,0,5.50913533360052e-08,0.000941803511408445,0
63,0,0,0.235708704088197,0.0194823061757152,0,0,0,0.235708704088197,0.0194823061757152,0,0,0,0,0,0,0,0,3.98041988499851e-05,2.92982914719559e-06,0,0,0,0.000157315614278121,0.00802715875813163,0,0,0,0.0130691730356844,2.23865498435066e-05,0,0,0,0.0130691730356844,2.23865498435066e-05,0,0,0,0,0,0,0,0,0,0,0,0,0,0,0,0,0,0,0.0166325976325282,2.37461658123426e-05,0,0,0,0.244456268802076,0.00043529474516559,0,0,0,0.0391130030083322,6.96471592264945e-05,0,0,0,3.93087528121312e-08,0.00131919959924303,0,0,0,3.9296701691929e-08,0.00105379742386502,0
64,0,0,0.144559638363591,0.019399062376794,0,0,0,0.144559638363591,0.019399062376794,0,0,0,0,0,0,0,0,2.41554023449211e-05,2.88791808008086e-06,0,0,0,9.6481325952571e-05,0.00799286039614392,0,0,0,0.00810319056036916,2.21042903399763e-05,0,0,0,0.00810319056036916,2.21042903399763e-05,0,0,0,0,0,0,0,0,0,0,0,0,0,0,0,0,0,0,0.0102972689112572,2.34064780356574e-05,0,0,0,0.150921973681872,0.000431101318665263,0,0,0,0.0241475157890995,6.89762109864421e-05,0,0,0,2.41079730722173e-08,0.00131356293666388,0,0,0,2.41005821462647e-08,0.00104929476899117,0
65,0,0,0.0907479651401882,0.0195843251907521,0,0,0,0.0907479651401882,0.0195843251907521,0,0,0,0,0,0,0,0,1.49546498448816e-05,2.84824760694267e-06,0,0,0,6.05665876266345e-05,0.00806919294149083,0,0,0,0.00502675457397634,2.18764788769438e-05,0,0,0,0.00502675457397634,2.18764788769438e-05,0,0,0,0,0,0,0,0,0,0,0,0,0,0,0,0,0,0,0.00637505634257487,2.30849501971159e-05,0,0,0,0.0940710799004635,0.000430659919602039,0,0,0,0.0150513727840742,6.89055871363263e-05,0,0,0,1.51338888553084e-08,0.00132610758244266,0,0,0,1.51292491681987e-08,0.00105931562968016,0
66,0,0,0.0567925066976663,0.0192284006759146,0,0,0,0.0567925066976663,0.0192284006759146,0,0,0,0,0,0,0,0,9.25844863975288e-06,2.80912207531436e-06,0,0,0,3.79041924314965e-05,0.00792254384560127,0,0,0,0.00309523629237719,2.14453832487373e-05,0,0,0,0.00309523629237719,2.14453832487373e-05,0,0,0,0,0,0,0,0,0,0,0,0,0,0,0,0,0,0,0.00396507661675539,2.27678390910191e-05,0,0,0,0.0582726819319549,0.000421843529081503,0,0,0,0.00932362910911279,6.74949646530405e-05,0,0,0,9.47119291158859e-09,0.00130200697170902,0,0,0,9.46828927115053e-09,0.00104006368212101,0
67,0,0,0.0341953547662335,0.0185861988403106,0,0,0,0.0341953547662335,0.0185861988403106,0,0,0,0,0,0,0,0,5.73192098137155e-06,2.77053399949625e-06,0,0,0,2.28225056911578e-05,0.00765794190152636,0,0,0,0.00192716707273384,2.12643155554798e-05,0,0,0,0.00192716707273384,2.12643155554798e-05,0,0,0,0,0,0,0,0,0,0,0,0,0,0,0,0,0,0,0.00244347541309617,2.24550840460249e-05,0,0,0,0.0358199994470169,0.000414058130096128,0,0,0,0.00573119991152271,6.62493008153805e-05,0,0,0,5.70270305896739e-09,0.00125852174996367,0,0,0,5.70095474707439e-09,0.00100532700188115,0
68,0,0,0.0198698805696904,0.0170429629491441,0,0,0,0.0198698805696904,0.0170429629491441,0,0,0,0,0,0,0,0,3.54864183137753e-06,2.73247599661744e-06,0,0,0,1.32614638884278e-05,0.00702209317869489,0,0,0,0.00118806795395484,2.08419183205554e-05,0,0,0,0.00118806795395484,2.08419183205554e-05,0,0,0,0,0,0,0,0,0,0,0,0,0,0,0,0,0,0,0.00151275970011378,2.21466252242156e-05,0,0,0,0.0215998028530633,0.000395209163790634,0,0,0,0.00345596845649013,6.32334662065014e-05,0,0,0,3.31366729430692e-09,0.00115402507740331,0,0,0,3.3126514034425e-09,0.000921853413494859,0
69,0,0,0.0123705099303621,0.0172317345203277,0,0,0,0.0123705099303621,0.0172317345203277,0,0,0,0,0,0,0,0,2.06916149162926e-06,2.6902852838261e-06,0,0,0,8.25626858438087e-06,0.00709987141281389,0,0,0,0.000733690289136393,2.05171489160306e-05,0,0,0,0.000733690289136393,2.05171489160306e-05,0,0,0,0,0,0,0,0,0,0,0,0,0,0,0,0,0,0,0.000936552051239438,2.18046709288114e-05,0,0,0,0.0133779486242752,0.000393075763490404,0,0,0,0.00214047177988403,6.28921221584646e-05,0,0,0,2.06300959013658e-09,0.00116680731061574,0,0,0,2.06237712090847e-09,0.00093206406276903,0
70,0,0,0.00835319452371589,0.0200762011813536,0,0,0,0.00835319452371589,0.0200762011813536,0,0,0,0,0,0,0,0,1.36014783225482e-06,2.99438151370419e-06,0,0,0,5.57505049618915e-06,0.00827185717591257,0,0,0,0.000458058329029446,3.40397935156524e-05,0,0,0,0.000458058329029446,3.40397935156524e-05,0,0,0,0,0,0,0,0,0,0,0,0,0,0,0,0,0,0,0.000579820935615104,0.000277447036671704,0,0,0,0.00860500657353016,0.000744401162203661,0,0,0,0.00137680105176483,0.000119104185952586,0,0,0,1.39304850872852e-09,0.00135941383498927,0,0,0,1.39262143348891e-09,0.0010859211889544,0
71,0,0,0.00533622790850273,0.0211338861079023,0,0,0,0.00533622790850273,0.0211338861079023,0,0,0,0,0,0,0,0,8.4206978953188e-07,2.96036329954622e-06,0,0,0,3.56148057663602e-06,0.0087076477206722,0,0,0,0.000282938455559569,2.27543332810788e-05,0,0,0,0.000282938455559569,2.27543332810788e-05,0,0,0,0,0,0,0,0,0,0,0,0,0,0,0,0,0,0,0.000358968107466804,2.39936440809515e-05,0,0,0,0.00538597801436452,0.000454843423128824,0,0,0,0.000861756482298323,7.27749477006119e-05,0,0,0,8.89913949575835e-10,0.00143103253960483,0,0,0,8.8964112331683e-10,0.001143131338554,0
72,0,0,0.00333650156742197,0.0208242017113127,0,0,0,0.00333650156742197,0.0208242017113127,0,0,0,0,0,0,0,0,5.11014796336072e-07,2.91801544282904e-06,0,0,0,2.22683246106389e-06,0.00858005061825937,0,0,0,0.000175907158138314,2.25336572410459e-05,0,0,0,0.000175907158138314,2.25336572410459e-05,0,0,0,0,0,0,0,0,0,0,0,0,0,0,0,0,0,0,0.000224344084137579,2.36504161393576e-05,0,0,0,0.00335589598089867,0.000449381807523563,0,0,0,0.000536943356943786,7.19010892037701e-05,0,0,0,5.56422877459812e-10,0.00141006297223492,0,0,0,5.56252291559732e-10,0.00112638051776338,0
73,0,0,0.00220407235906911,0.0218308814575697,0,0,0,0.00220407235906911,0.0218308814575697,0,0,0,0,0,0,0,0,3.29267311136218e-07,2.88125072139846e-06,0,0,0,1.47103179079311e-06,0.00899482585425651,0,0,0,0.000108305529467429,2.21322723934632e-05,0,0,0,0.000108305529467429,2.21322723934632e-05,0,0,0,0,0,0,0,0,0,0,0,0,0,0,0,0,0,0,0.000138194290430024,2.33524393197977e-05,0,0,0,0.00212586910880495,0.000453765161703116,0,0,0,0.000340139057408791,7.26024258724985e-05,0,0,0,3.67569521362604e-10,0.00147822797825889,0,0,0,3.67456833369023e-10,0.001180831798515,0
74,0,0,0.00115429332822547,0.0186853768593246,0,0,0,0.00115429332822547,0.0186853768593246,0,0,0,0,0,0,0,0,1.95865263532904e-07,2.83839824027479e-06,0,0,0,7.70393120141125e-07,0.00769880552910526,0,0,0,6.7236275544055e-05,2.18069179400747e-05,0,0,0,6.7236275544055e-05,2.18069179400747e-05,0,0,0,0,0,0,0,0,0,0,0,0,0,0,0,0,0,0,8.52559140538328e-05,2.30051214145175e-05,0,0,0,0.00123436448085522,0.000421465465216853,0,0,0,0.000197498316936835,6.74344744346965e-05,0,0,0,1.92499599399305e-10,0.00126523736164521,0,0,0,1.9244058364212e-10,0.00101069153829682,0
