"daynum","ind.derm.exp1","ind.derm.exp2","ind.derm.exp3","ind.derm.exp4","ind.derm.exp5","ind.derm.pr.exp1","ind.derm.pr.exp2","ind.derm.pr.exp3","ind.derm.pr.exp4","ind.derm.pr.exp5","ind.derm.ar.exp1","ind.derm.ar.exp2","ind.derm.ar.exp3","ind.derm.ar.exp4","ind.derm.ar.exp5","ind.derm.max1","ind.derm.max2","ind.derm.max3","ind.derm.max4","ind.derm.max5","ind.derm.abs1","ind.derm.abs2","ind.derm.abs3","ind.derm.abs4","ind.derm.abs5","ind.inhal.exp1","ind.inhal.exp2","ind.inhal.exp3","ind.inhal.exp4","ind.inhal.exp5","ind.inhal.pr.exp1","ind.inhal.pr.exp2","ind.inhal.pr.exp3","ind.inhal.pr.exp4","ind.inhal.pr.exp5","ind.inhal.ar.exp1","ind.inhal.ar.exp2","ind.inhal.ar.exp3","ind.inhal.ar.exp4","ind.inhal.ar.exp5","ind.inhal.amb.in1","ind.inhal.amb.in2","ind.inhal.amb.in3","ind.inhal.amb.in4","ind.inhal.amb.in5","ind.inhal.amb.out1","ind.inhal.amb.out2","ind.inhal.amb.out3","ind.inhal.amb.out4","ind.inhal.amb.out5","ind.inhal.max1","ind.inhal.max2","ind.inhal.max3","ind.inhal.max4","ind.inhal.max5","ind.inhal.mass1","ind.inhal.mass2","ind.inhal.mass3","ind.inhal.mass4","ind.inhal.mass5","ind.inhal.abs1","ind.inhal.abs2","ind.inhal.abs3","ind.inhal.abs4","ind.inhal.abs5","ind.ingest.exp1","ind.ingest.exp2","ind.ingest.exp3","ind.ingest.exp4","ind.ingest.exp5","ind.ingest.abs1","ind.ingest.abs2","ind.ingest.abs3","ind.ingest.abs4","ind.ingest.abs5"
1,0,0,0,1.87502305466208e-06,0,0,0,0,1.87502305466208e-06,0,0,0,0,0,0,0,0,0,4.62057745118112e-10,0,0,0,0,7.90719854852069e-07,0,0,0,0,2.97314707061258e-08,0,0,0,0,2.97314707061258e-08,0,0,0,0,0,0,0,0,0,0,0,0,0,0,0,0,0,0,0,7.17898580424999e-06,0,0,0,0,7.8491082664172e-07,0,0,0,0,1.25585732262675e-07,0,0,0,0,2.96456141198333e-08,0,0,0,0,2.36813836255733e-08,0
2,0,0,0,3.45367510320172e-06,0,0,0,0,3.45367510320172e-06,0,0,0,0,0,0,0,0,0,9.16018662956165e-10,0,0,0,0,1.45645647903889e-06,0,0,0,0,4.73004946544116e-07,0,0,0,0,4.73004946544116e-07,0,0,0,0,0,0,0,0,0,0,0,0,0,0,0,0,0,0,0,7.1854165884545e-06,0,0,0,0,1.24648219243583e-05,0,0,0,0,1.99437150789732e-06,0,0,0,0,5.46053655981559e-08,0,0,0,0,4.36196263473419e-08,0
3,0,0,0,6.51535753262661e-06,0,0,0,0,6.51535753262661e-06,0,0,0,0,0,0,0,0,0,1.37318596591149e-09,0,0,0,0,2.74760491594933e-06,0,0,0,0,5.73492005313201e-08,0,0,0,0,5.73492005313201e-08,0,0,0,0,0,0,0,0,0,0,0,0,0,0,0,0,0,0,0,7.19090648044067e-06,0,0,0,0,1.43185787394003e-06,0,0,0,0,2.29097259830405e-07,0,0,0,0,1.03013013511884e-07,0,0,0,0,8.22884181633205e-08,0
4,0,0,0,8.17566831859729e-06,0,0,0,0,8.17566831859729e-06,0,0,0,0,0,0,0,0,0,1.82104788117934e-09,0,0,0,0,3.44777801538285e-06,0,0,0,0,2.59559099898459e-08,0,0,0,0,2.59559099898459e-08,0,0,0,0,0,0,0,0,0,0,0,0,0,0,0,0,0,0,0,7.1967650239319e-06,0,0,0,0,6.28632589889974e-07,0,0,0,0,1.00581214382396e-07,0,0,0,0,1.29263854938873e-07,0,0,0,0,1.03258003877206e-07,0
5,0,0,0,9.791768780232e-06,0,0,0,0,9.791768780232e-06,0,0,0,0,0,0,0,0,0,2.25889068695264e-09,0,0,0,0,4.12930708739763e-06,0,0,0,0,4.65600844432632e-07,0,0,0,0,4.65600844432632e-07,0,0,0,0,0,0,0,0,0,0,0,0,0,0,0,0,0,0,0,7.203668153892e-06,0,0,0,0,1.22139139451037e-05,0,0,0,0,1.95422623121659e-06,0,0,0,0,1.54815695779114e-07,0,0,0,0,1.23669216909643e-07,0
6,0,0,0,2.76269276058639e-05,0,0,0,0,2.76269276058639e-05,0,0,0,0,0,0,0,0,0,2.70985638707573e-09,0,0,0,0,1.16506088456893e-05,0,0,0,0,5.18404426310341e-07,0,0,0,0,5.18404426310341e-07,0,0,0,0,0,0,0,0,0,0,0,0,0,0,0,0,0,0,0,7.20998106515639e-06,0,0,0,0,1.35786025933887e-05,0,0,0,0,2.17257641494219e-06,0,0,0,0,4.36803821202943e-07,0,0,0,0,3.48925774221114e-07,0
7,0,0,0,2.90236141466967e-05,0,0,0,0,2.90236141466967e-05,0,0,0,0,0,0,0,0,0,3.12366701128962e-09,0,0,0,0,1.22396084188386e-05,0,0,0,0,5.09855640654622e-07,0,0,0,0,5.09855640654622e-07,0,0,0,0,0,0,0,0,0,0,0,0,0,0,0,0,0,0,0,7.21569858815459e-06,0,0,0,0,1.33536817944657e-05,0,0,0,0,2.13658908711451e-06,0,0,0,0,4.58886552470136e-07,0,0,0,0,3.66565807870779e-07,0
8,0,0,0,1.74056391242918e-05,0,0,0,0,1.74056391242918e-05,0,0,0,0,0,0,0,0,0,3.55342298799641e-09,0,0,0,0,7.34016811566506e-06,0,0,0,0,5.11351228994199e-07,0,0,0,0,5.11351228994199e-07,0,0,0,0,0,0,0,0,0,0,0,0,0,0,0,0,0,0,0,7.22157819425239e-06,0,0,0,0,1.32835668129022e-05,0,0,0,0,2.12537069006435e-06,0,0,0,0,2.75197075419866e-07,0,0,0,0,2.19831759575312e-07,0
9,0,0,0,1.71507906085577e-05,0,0,0,0,1.71507906085577e-05,0,0,0,0,0,0,0,0,0,3.9845536478883e-09,0,0,0,0,7.23269542039901e-06,0,0,0,0,5.18126315210039e-07,0,0,0,0,5.18126315210039e-07,0,0,0,0,0,0,0,0,0,0,0,0,0,0,0,0,0,0,0,7.22741674562806e-06,0,0,0,0,1.34365197145598e-05,0,0,0,0,2.14984315432957e-06,0,0,0,0,2.71167716560689e-07,0,0,0,0,2.16613044236053e-07,0
10,0,0,0,2.42173616588596e-05,0,0,0,0,2.42173616588596e-05,0,0,0,0,0,0,0,0,0,4.41848691749208e-09,0,0,0,0,1.02127537302439e-05,0,0,0,0,3.73484424031095e-08,0,0,0,0,3.73484424031095e-08,0,0,0,0,0,0,0,0,0,0,0,0,0,0,0,0,0,0,0,7.23079871568655e-06,0,0,0,0,8.39142319992414e-07,0,0,0,0,1.34262771198786e-07,0,0,0,0,3.82895856642353e-07,0,0,0,0,3.05863242810133e-07,0
11,0,0,0,2.20882046178966e-05,0,0,0,0,2.20882046178966e-05,0,0,0,0,0,0,0,0,0,4.81895457883235e-09,0,0,0,0,9.31486250581258e-06,0,0,0,0,5.13927105694986e-07,0,0,0,0,5.13927105694986e-07,0,0,0,0,0,0,0,0,0,0,0,0,0,0,0,0,0,0,0,7.23883749305735e-06,0,0,0,0,1.3396769177741e-05,0,0,0,0,2.14348306843856e-06,0,0,0,0,3.49232180945154e-07,0,0,0,0,2.78972168292e-07,0
12,0,0,0,2.769721819313e-05,0,0,0,0,2.769721819313e-05,0,0,0,0,0,0,0,0,0,5.24332716980427e-09,0,0,0,0,1.16802512347907e-05,0,0,0,0,6.53982928191274e-08,0,0,0,0,6.53982928191274e-08,0,0,0,0,0,0,0,0,0,0,0,0,0,0,0,0,0,0,0,7.24151443597606e-06,0,0,0,0,1.50992251450789e-06,0,0,0,0,2.41587602321263e-07,0,0,0,0,4.37915171605364e-07,0,0,0,0,3.49813538431894e-07,0
13,0,0,0,5.56422907851437e-05,0,0,0,0,5.56422907851437e-05,0,0,0,0,0,0,0,0,0,5.65037187002557e-09,0,0,0,0,2.34650256613483e-05,0,0,0,0,5.10287840494384e-07,0,0,0,0,5.10287840494384e-07,0,0,0,0,0,0,0,0,0,0,0,0,0,0,0,0,0,0,0,7.24970995251662e-06,0,0,0,0,1.32377626463971e-05,0,0,0,0,2.11804202342354e-06,0,0,0,0,8.79749119488673e-07,0,0,0,0,7.0275745709493e-07,0
14,0,0,15.9428357396551,6.0329719911115e-05,0,0,0,15.9428357396551,6.0329719911115e-05,0,0,0,0,0,0,0,0,0.00341196233250764,6.06273818881942e-09,0,0,0,0.0106879050304836,2.54417711039719e-05,0,0,0,40.0063725859424,5.50176980378672e-07,0,0,0,40.0063725859424,5.50176980378672e-07,0,0,0,0,0,0,0,0,0,0,0,0,0,0,0,0,0,0,417.550584516995,7.25586639785825e-06,0,0,0,1056.16823626888,1.42647550390604e-05,0,0,0,168.986917803021,2.28236080624966e-06,0,0,0,6.09255094626686e-07,9.53861122931562e-07,0,0,0,6.09068311636796e-07,7.61959293079724e-07,0
15,0,0,11.6534178240516,3.06113447928139e-05,0,0,0,11.6534178240516,3.06113447928139e-05,0,0,0,0,0,0,0,0,0.00325350268857525,6.45082102408025e-09,0,0,0,0.00781232554972697,1.29091735972082e-05,0,0,0,1.23794333396225,4.78034372479125e-08,0,0,0,1.23794333396225,4.78034372479125e-08,0,0,0,0,0,0,0,0,0,0,0,0,0,0,0,0,0,0,4.46050902170817,7.25743460138346e-06,0,0,0,24.548897808196,1.00551280047556e-06,0,0,0,3.92782364931137,1.6088204807609e-07,0,0,0,4.45335089381687e-07,4.83989843837136e-07,0,0,0,4.45198560331324e-07,3.86618712517094e-07,0
16,0,0,9.34227366211311,4.14284107155846e-05,0,0,0,9.34227366211311,4.14284107155846e-05,0,0,0,0,0,0,0,0,0.00202980728074746,6.83844596202733e-09,0,0,0,0.0062629594446046,1.74708608655922e-05,0,0,0,0.716807287341116,2.26000614361932e-07,0,0,0,0.716807287341116,2.26000614361932e-07,0,0,0,0,0,0,0,0,0,0,0,0,0,0,0,0,0,0,1.37230254603485,7.26236212814711e-06,0,0,0,15.1232519140332,5.71679498376163e-06,0,0,0,2.41972030624531,9.14687197401861e-07,0,0,0,3.57014769328749e-07,6.550163074627e-07,0,0,0,3.56905317168827e-07,5.23237346183129e-07,0
17,0,0,3.67249252928556,2.9135376887225e-05,0,0,0,3.67249252928556,2.9135376887225e-05,0,0,0,0,0,0,0,0,0.00126166841872595,7.23138280479941e-09,0,0,0,0.00246199935940716,1.22867401155656e-05,0,0,0,0.365590922204388,5.3546881107396e-08,0,0,0,0.365590922204388,5.3546881107396e-08,0,0,0,0,0,0,0,0,0,0,0,0,0,0,0,0,0,0,0.852981562420471,7.26753939514782e-06,0,0,0,6.95184535577499,1.10980179154251e-06,0,0,0,1.112295256924,1.77568286646801e-07,0,0,0,1.40344216046854e-07,4.60653610784668e-07,0,0,0,1.40301189878476e-07,3.6797736189243e-07,0
18,0,0,3.29305244389639,4.18908390435551e-05,0,0,0,3.29305244389639,4.18908390435551e-05,0,0,0,0,0,0,0,0,0.000784215922990432,7.60132496410222e-09,0,0,0,0.00220762682094395,1.76658724732966e-05,0,0,0,0.260198491507975,5.40621159535848e-07,0,0,0,0.260198491507975,5.40621159535848e-07,0,0,0,0,0,0,0,0,0,0,0,0,0,0,0,0,0,0,0.530188212162278,7.27692080934784e-06,0,0,0,5.42103194380703,1.39960913575699e-05,0,0,0,0.867365111009125,2.23937461721118e-06,0,0,0,1.2584392206503e-07,6.62327669173699e-07,0,0,0,1.25805341338779e-07,5.29077777108378e-07,0
19,0,0,1.73892820902462,3.88029439186941e-05,0,0,0,1.73892820902462,3.88029439186941e-05,0,0,0,0,0,0,0,0,0.000348055470118542,7.97735197936703e-09,0,0,0,0.00116575870543881,1.63636698263171e-05,0,0,0,0.164722577885271,5.4177530233414e-07,0,0,0,0.164722577885271,5.4177530233414e-07,0,0,0,0,0,0,0,0,0,0,0,0,0,0,0,0,0,0,0.327675719862316,7.28210313856287e-06,0,0,0,3.18996646859727,1.38829335413481e-05,0,0,0,0.510394634975563,2.2212693666157e-06,0,0,0,6.64531008058436e-08,6.13505577580461e-07,0,0,0,6.64327278800109e-08,4.90077921151647e-07,0
20,0,0,2.40683686021562,8.50774720408753e-05,0,0,0,2.40683686021562,8.50774720408753e-05,0,0,0,0,0,0,0,0,0.000292882381405806,8.37904322018032e-09,0,0,0,0.00161351745736598,3.58781968979394e-05,0,0,0,0.159799854635994,6.01665148833312e-07,0,0,0,0.159799854635994,6.01665148833312e-07,0,0,0,0,0,0,0,0,0,0,0,0,0,0,0,0,0,0,0.204784015494119,7.28756594666929e-06,0,0,0,3.59823048007749,1.54850126494235e-05,0,0,0,0.575716876812399,2.47760202390777e-06,0,0,0,9.19772142777772e-08,1.34514287712012e-06,0,0,0,9.19490162713328e-08,1.07452132296958e-06,0
21,0,0,1.41653996645865,8.49984536528627e-05,0,0,0,1.41653996645865,8.49984536528627e-05,0,0,0,0,0,0,0,0,0.000163936239297242,8.75274270566651e-09,0,0,0,0.000949633106721198,3.58448738899131e-05,0,0,0,0.0985154060504763,5.94869774456627e-07,0,0,0,0.0985154060504763,5.94869774456627e-07,0,0,0,0,0,0,0,0,0,0,0,0,0,0,0,0,0,0,0.127001523904572,7.29268068381526e-06,0,0,0,2.17113369630488,1.53087084681028e-05,0,0,0,0.34738139140878,2.44939335489646e-06,0,0,0,5.41330416621301e-08,1.34389353320748e-06,0,0,0,5.41164457707495e-08,1.07352332736875e-06,0
22,0,0,0.400008322988832,4.25010812388614e-05,0,0,0,0.400008322988832,4.25010812388614e-05,0,0,0,0,0,0,0,0,0.000101897937131445,9.12522238875243e-09,0,0,0,0.000268161262984957,1.79232189730622e-05,0,0,0,0.0382738755239136,7.07474636293193e-08,0,0,0,0.0382738755239136,7.07474636293193e-08,0,0,0,0,0,0,0,0,0,0,0,0,0,0,0,0,0,0,0.0787729841373752,7.29246621768592e-06,0,0,0,0.738439301853579,1.44820314931558e-06,0,0,0,0.118150288296573,2.31712503890492e-07,0,0,0,1.52863087002673e-08,6.719760863474e-07,0,0,0,1.52816222848912e-08,5.36785084757544e-07,0
23,0,0,0.298170175825755,5.20645413659504e-05,0,0,0,0.298170175825755,5.20645413659504e-05,0,0,0,0,0,0,0,0,6.46041447624864e-05,9.46119256613298e-09,0,0,0,0.000199890068127692,2.19562455456012e-05,0,0,0,0.0252060809506164,5.52509008257417e-07,0,0,0,0.0252060809506164,5.52509008257417e-07,0,0,0,0,0,0,0,0,0,0,0,0,0,0,0,0,0,0,0.048943454353281,7.30240395453539e-06,0,0,0,0.510589744992277,1.41891386419053e-05,0,0,0,0.0816943591987643,2.27026218270484e-06,0,0,0,1.13945662900937e-08,8.23182039721232e-07,0,0,0,1.13910729895388e-08,6.57570782562356e-07,0
24,0,0,0.162735178132563,4.95441652886498e-05,0,0,0,0.162735178132563,4.95441652886498e-05,0,0,0,0,0,0,0,0,3.22924193154068e-05,9.85037136762243e-09,0,0,0,0.000109095907240231,2.08933725312878e-05,0,0,0,0.0152990130421028,1.39141224022886e-07,0,0,0,0.0152990130421028,1.39141224022886e-07,0,0,0,0,0,0,0,0,0,0,0,0,0,0,0,0,0,0,0.0304258521707494,7.30172723232709e-06,0,0,0,0.297128371593731,3.0974419429714e-06,0,0,0,0.047540539454997,4.95590710875424e-07,0,0,0,6.21892102329279e-09,7.83332878166268e-07,0,0,0,6.21701445136116e-09,6.2573864448871e-07,0
25,0,0,0.091814049716883,4.66584920539498e-05,0,0,0,0.091814049716883,4.66584920539498e-05,0,0,0,0,0,0,0,0,1.96782485346586e-05,1.02111726148829e-08,0,0,0,6.15511481058118e-05,1.9676449296334e-05,0,0,0,0.00885446360010065,7.76599659033155e-08,0,0,0,0.00885446360010065,7.76599659033155e-08,0,0,0,0,0,0,0,0,0,0,0,0,0,0,0,0,0,0,0.018941967423423,7.3066908959961e-06,0,0,0,0.170326301757859,1.59101971025079e-06,0,0,0,0.0272522082812575,2.54563153640126e-07,0,0,0,3.50867176089521e-09,7.37708076391622e-07,0,0,0,3.50759608634144e-09,5.89292834012371e-07,0
26,0,0,0.0739942668960168,6.00114980240764e-05,0,0,0,0.0739942668960168,6.00114980240764e-05,0,0,0,0,0,0,0,0,1.74726608561031e-05,1.05616324474302e-08,0,0,0,4.96049580074259e-05,2.53075730930705e-05,0,0,0,0.00593826697951314,1.48049848205331e-07,0,0,0,0.00593826697951314,1.48049848205331e-07,0,0,0,0,0,0,0,0,0,0,0,0,0,0,0,0,0,0,0.0118128165336017,7.31102295750865e-06,0,0,0,0.122899520352839,3.49554392514688e-06,0,0,0,0.0196639232564543,5.59287028023501e-07,0,0,0,2.82768917749259e-09,9.48829780386641e-07,0,0,0,2.82682227585531e-09,7.57940177386039e-07,0
27,0,0,0.0862190544844652,0.000112866703820129,0,0,0,0.0862190544844652,0.000112866703820129,0,0,0,0,0,0,0,0,9.45404165635685e-06,1.0935430202579e-08,0,0,0,5.78003236811864e-05,4.759725137266e-05,0,0,0,0.00574203609839272,6.07561657442266e-07,0,0,0,0.00574203609839272,6.07561657442266e-07,0,0,0,0,0,0,0,0,0,0,0,0,0,0,0,0,0,0,0.0073269654508829,7.32255600735093e-06,0,0,0,0.129101542862006,1.55890810197064e-05,0,0,0,0.0206562468579209,2.49425296315303e-06,0,0,0,3.294859149047e-09,1.78451285711369e-06,0,0,0,3.29384902430852e-09,1.42549698526248e-06,0
28,0,0,0.054563892017712,0.000116935656107276,0,0,0,0.054563892017712,0.000116935656107276,0,0,0,0,0,0,0,0,6.75056145275693e-06,1.12626528790957e-08,0,0,0,3.65790443746667e-05,4.93131776669492e-05,0,0,0,0.00354932415923313,6.29088915441023e-07,0,0,0,0.00354932415923313,6.29088915441023e-07,0,0,0,0,0,0,0,0,0,0,0,0,0,0,0,0,0,0,0.00456388094503464,7.32703473731236e-06,0,0,0,0.0806880694219747,1.61727196666005e-05,0,0,0,0.012910091107516,2.58763514665608e-06,0,0,0,2.08515785631311e-09,1.84884624708287e-06,0,0,0,2.08451859695816e-09,1.47688751074242e-06,0
29,0,0,0.0170484661179893,6.25754976013847e-05,0,0,0,0.0170484661179893,6.25754976013847e-05,0,0,0,0,0,0,0,0,4.1959501417363e-06,1.15759034882269e-08,0,0,0,1.14291077045512e-05,2.63888426639001e-05,0,0,0,0.00141747715106342,5.70104301359655e-07,0,0,0,0.00141747715106342,5.70104301359655e-07,0,0,0,0,0,0,0,0,0,0,0,0,0,0,0,0,0,0,0.00283677395313021,7.33132231241455e-06,0,0,0,0.0289066842157571,1.45765483014675e-05,0,0,0,0.00462506947452114,2.3322477282348e-06,0,0,0,6.51506733655909e-10,9.89368664366388e-07,0,0,0,6.51306997327532e-10,7.90323276599178e-07,0
30,0,0,0.0108600084037539,6.74868785608572e-05,0,0,0,0.0108600084037539,6.74868785608572e-05,0,0,0,0,0,0,0,0,2.60807900426513e-06,1.19411484345574e-08,0,0,0,7.28043243655009e-06,2.84600312979498e-05,0,0,0,0.000914002822163318,1.70153249809652e-07,0,0,0,0.000914002822163318,1.70153249809652e-07,0,0,0,0,0,0,0,0,0,0,0,0,0,0,0,0,0,0,0.00176325512389038,7.32905286610116e-06,0,0,0,0.0185489541741218,3.95565686125501e-06,0,0,0,0.0029678326678595,6.32905097800801e-07,0,0,0,4.15014966955861e-10,1.06702152541148e-06,0,0,0,4.14887733327352e-10,8.52353605422824e-07,0
31,0,0,0.00570556238863289,6.06552379311667e-05,0,0,0,0.00570556238863289,6.06552379311667e-05,0,0,0,0,0,0,0,0,1.15753345134115e-06,1.22716821954669e-08,0,0,0,3.82494745295083e-06,2.55790459822338e-05,0,0,0,0.000541612826389749,2.61241188692087e-07,0,0,0,0.000541612826389749,2.61241188692087e-07,0,0,0,0,0,0,0,0,0,0,0,0,0,0,0,0,0,0,0.00109048076425181,7.33337274855342e-06,0,0,0,0.0104799596424208,6.31689223102856e-06,0,0,0,0.00167679354278732,1.01070275696457e-06,0,0,0,2.18037933134986e-10,9.59007823174799e-07,0,0,0,2.17971087937597e-10,7.66070558320284e-07,0
32,0,0,0.00343284093562693,5.90418959009169e-05,0,0,0,0.00343284093562693,5.90418959009169e-05,0,0,0,0,0,0,0,0,7.38929520070432e-07,1.26115292034824e-08,0,0,0,2.3013395172527e-06,2.48986801740301e-05,0,0,0,0.000324990513762535,1.04778121068637e-07,0,0,0,0.000324990513762535,1.04778121068637e-07,0,0,0,0,0,0,0,0,0,0,0,0,0,0,0,0,0,0,0.000679792334735681,7.33785713656926e-06,0,0,0,0.00629514570971066,2.18926727368505e-06,0,0,0,0.00100722331355371,3.50282763789608e-07,0,0,0,1.31185936004568e-10,9.33499595340923e-07,0,0,0,1.31145717545052e-10,7.45694184044454e-07,0
33,0,0,0.00211706955181026,5.94513809470747e-05,0,0,0,0.00211706955181026,5.94513809470747e-05,0,0,0,0,0,0,0,0,6.26313848687979e-07,1.29406214908158e-08,0,0,0,1.41926058087618e-06,2.50713649607354e-05,0,0,0,0.000198581749817701,9.84416809500005e-08,0,0,0,0.000198581749817701,9.84416809500005e-08,0,0,0,0,0,0,0,0,0,0,0,0,0,0,0,0,0,0,0.00042343468163985,7.34244343206668e-06,0,0,0,0.00386068366520232,2.01962909390507e-06,0,0,0,0.000617709386432372,3.23140655024812e-07,0,0,0,8.0903763369473e-11,9.39973881422927e-07,0,0,0,8.08789602173142e-11,7.50865945769136e-07,0
34,0,0,0.00304532953551201,0.000132529488133246,0,0,0,0.00304532953551201,0.000132529488133246,0,0,0,0,0,0,0,0,3.89298238459923e-07,1.32335414265772e-08,0,0,0,2.04155605650009e-06,5.58892848596069e-05,0,0,0,0.000205019240905072,6.50013516392223e-07,0,0,0,0.000205019240905072,6.50013516392223e-07,0,0,0,0,0,0,0,0,0,0,0,0,0,0,0,0,0,0,0.000263194524615014,7.35401100627998e-06,0,0,0,0.00458671184378366,1.65874594697042e-05,0,0,0,0.000733873895005386,2.65399351515267e-06,0,0,0,1.1637719691942e-10,2.09539720321216e-06,0,0,0,1.16341518463897e-10,1.67383629890881e-06,0
35,0,0,0.00188602293305063,0.000137315427382345,0,0,0,0.00188602293305063,0.000137315427382345,0,0,0,0,0,0,0,0,2.21811624028466e-07,1.35906597840197e-08,0,0,0,1.2643694210322e-06,5.79075732102324e-05,0,0,0,0.000126811851366702,6.62975547631545e-07,0,0,0,0.000126811851366702,6.62975547631545e-07,0,0,0,0,0,0,0,0,0,0,0,0,0,0,0,0,0,0,0.000163485810521545,7.35889923968623e-06,0,0,0,0.00283872331307072,1.69004251415919e-05,0,0,0,0.000454195730091315,2.70406802265471e-06,0,0,0,7.2074322241541e-11,2.17106673048916e-06,0,0,0,7.20522259841255e-11,1.73428230947108e-06,0
36,0,0,0.000537746504878215,6.79631937207123e-05,0,0,0,0.000537746504878215,6.79631937207123e-05,0,0,0,0,0,0,0,0,1.50405350611255e-07,1.38730227770224e-08,0,0,0,3.60499453702404e-07,2.86608991502826e-05,0,0,0,4.78140924473682e-05,5.87734348651647e-07,0,0,0,4.78140924473682e-05,5.87734348651647e-07,0,0,0,0,0,0,0,0,0,0,0,0,0,0,0,0,0,0,0.000101685188482451,7.36276337266297e-06,0,0,0,0.000949212465585873,1.49293306959061e-05,0,0,0,0.00015187399449374,2.38869291134498e-06,0,0,0,2.05499700972164e-11,1.07455244904113e-06,0,0,0,2.05436699695839e-11,8.58369425867888e-07,0
37,0,0,0.000242008368734072,5.30675165412575e-05,0,0,0,0.000242008368734072,5.30675165412575e-05,0,0,0,0,0,0,0,0,6.54442550060033e-08,1.41884088697306e-08,0,0,0,1.62239798731563e-07,2.23792122835659e-05,0,0,0,2.73366378535809e-05,5.79684700769543e-07,0,0,0,2.73366378535809e-05,5.79684700769543e-07,0,0,0,0,0,0,0,0,0,0,0,0,0,0,0,0,0,0,6.28702390348233e-05,7.36707825407077e-06,0,0,0,0.000496945270706762,1.45703167893733e-05,0,0,0,7.95112433130819e-05,2.33125068629972e-06,0,0,0,9.24834414663026e-12,8.39039879412854e-07,0,0,0,9.24550882627516e-12,6.70238274748288e-07,0
38,0,0,0.00022656861244695,7.8147969787189e-05,0,0,0,0.00022656861244695,7.8147969787189e-05,0,0,0,0,0,0,0,0,4.84242483388976e-08,1.45406370665455e-08,0,0,0,1.51889152737004e-07,3.29559421541334e-05,0,0,0,1.93933166166923e-05,1.23409751464971e-07,0,0,0,1.93933166166923e-05,1.23409751464971e-07,0,0,0,0,0,0,0,0,0,0,0,0,0,0,0,0,0,0,3.92341219015928e-05,7.36332796728592e-06,0,0,0,0.000390885554225681,2.61857727168445e-06,0,0,0,6.2541688676109e-05,4.18972363469512e-07,0,0,0,8.65831422150685e-12,1.23558190433927e-06,0,0,0,8.65565979016608e-12,9.87002291779108e-07,0
39,0,0,0.000139196304959014,7.88710665363798e-05,0,0,0,0.000139196304959014,7.88710665363798e-05,0,0,0,0,0,0,0,0,2.57903325244331e-08,1.48391356588427e-08,0,0,0,9.33157006877842e-08,3.32608807814972e-05,0,0,0,1.23784627431354e-05,1.73496356169875e-07,0,0,0,1.23784627431354e-05,1.73496356169875e-07,0,0,0,0,0,0,0,0,0,0,0,0,0,0,0,0,0,0,2.43318862844393e-05,7.36692247124324e-06,0,0,0,0.000245664251891484,3.90719103967446e-06,0,0,0,3.93062803026374e-05,6.25150566347914e-07,0,0,0,5.31938353592567e-12,1.24701464226988e-06,0,0,0,5.31775274059876e-12,9.96134942960871e-07,0
40,0,0,7.72975390734891e-05,7.25180820331189e-05,0,0,0,7.72975390734891e-05,7.25180820331189e-05,0,0,0,0,0,0,0,0,1.57160282185841e-08,1.51436434474303e-08,0,0,0,5.18194360274715e-08,3.05817505319754e-05,0,0,0,7.32512548623785e-06,1.45793779504401e-07,0,0,0,7.32512548623785e-06,1.45793779504401e-07,0,0,0,0,0,0,0,0,0,0,0,0,0,0,0,0,0,0,1.51340181154089e-05,7.37090834301731e-06,0,0,0,0.000141841737158988,3.14427008320389e-06,0,0,0,2.26946779454381e-05,5.03083213312622e-07,0,0,0,2.95392364643702e-12,1.14656887621668e-06,0,0,0,2.95301804434119e-12,9.15897282514527e-07,0
41,0,0,15.9714715652401,0.000156838905020363,0,0,0,15.9714715652401,0.000156838905020363,0,0,0,0,0,0,0,0,0.00302944171770189,1.54461033030482e-08,0,0,0,0.0107071021789281,6.61408593907713e-05,0,0,0,33.2360721775335,6.84673688088684e-07,0,0,0,33.2360721775335,6.84673688088684e-07,0,0,0,0,0,0,0,0,0,0,0,0,0,0,0,0,0,0,344.812252459679,7.38428510486643e-06,0,0,0,877.43227547906,1.74017860197251e-05,0,0,0,140.38916407665,2.78428576315602e-06,0,0,0,6.10349412031152e-07,2.47974852663816e-06,0,0,0,6.10162293549809e-07,1.9808621915166e-06,0
42,0,0,22.3424470979769,0.00016197770334951,0,0,0,22.3424470979769,0.00016197770334951,0,0,0,0,0,0,0,0,0.00264138885784282,1.57779854328361e-08,0,0,0,0.0149781354227856,6.83079526746827e-05,0,0,0,1.59518430839323,6.78695412213768e-07,0,0,0,1.59518430839323,6.78695412213768e-07,0,0,0,0,0,0,0,0,0,0,0,0,0,0,0,0,0,0,2.9576643115629,7.38883782355119e-06,0,0,0,35.3629028798751,1.72471570211805e-05,0,0,0,5.65806446078002,2.75954512338889e-06,0,0,0,8.5381609289315e-07,2.56099703818406e-06,0,0,0,8.53554333370655e-07,2.04576478260976e-06,0
43,0,0,5.6293198561207,7.21343249307426e-05,0,0,0,5.6293198561207,7.21343249307426e-05,0,0,0,0,0,0,0,0,0.00146880104320644,1.60403558060362e-08,0,0,0,0.0037738352819368,3.04199155297151e-05,0,0,0,0.546202462864299,1.31091716986079e-07,0,0,0,0.546202462864299,1.31091716986079e-07,0,0,0,0,0,0,0,0,0,0,0,0,0,0,0,0,0,0,1.19004769821834,7.38269075145685e-06,0,0,0,10.4852258354418,2.73372521865277e-06,0,0,0,1.67763613367068,4.37396034984443e-07,0,0,0,2.15124326539595e-07,1.14050136950282e-06,0,0,0,2.15058374584062e-07,9.11050462557932e-07,0
44,0,0,4.42718226680244,8.98543910777256e-05,0,0,0,4.42718226680244,8.98543910777256e-05,0,0,0,0,0,0,0,0,0.0010955561559815,1.63313382937932e-08,0,0,0,0.00296793521509675,3.78926813161798e-05,0,0,0,0.366003053754201,1.95390221099755e-07,0,0,0,0.366003053754201,1.95390221099755e-07,0,0,0,0,0,0,0,0,0,0,0,0,0,0,0,0,0,0,0.74067733469239,7.38641638149339e-06,0,0,0,7.48231799223749,4.49499541886727e-06,0,0,0,1.197170878758,7.19199267018763e-07,0,0,0,1.69184666701499e-07,1.42066978762718e-06,0,0,0,1.69132798743121e-07,1.1348534090091e-06,0
45,0,0,2.31370534589189,7.81820949292096e-05,0,0,0,2.31370534589189,7.81820949292096e-05,0,0,0,0,0,0,0,0,0.000556121770924625,1.66193116531419e-08,0,0,0,0.00155108309520535,3.29703331384353e-05,0,0,0,0.206770504511617,1.48474421878377e-07,0,0,0,0.206770504511617,1.48474421878377e-07,0,0,0,0,0,0,0,0,0,0,0,0,0,0,0,0,0,0,0.459713616609879,7.39019484371465e-06,0,0,0,4.09618128331398,3.24761280296334e-06,0,0,0,0.655389005330236,5.19618048474134e-07,0,0,0,8.84181956377685e-08,1.23612145012758e-06,0,0,0,8.83910887410226e-08,9.87433289455354e-07,0
46,0,0,1.87270532114059,9.9800577631432e-05,0,0,0,1.87270532114059,9.9800577631432e-05,0,0,0,0,0,0,0,0,0.000373886780888469,1.68700960118532e-08,0,0,0,0.00125544143772661,4.20871082425707e-05,0,0,0,0.150571681234783,6.18891150182458e-07,0,0,0,0.150571681234783,6.18891150182458e-07,0,0,0,0,0,0,0,0,0,0,0,0,0,0,0,0,0,0,0.285895787728243,7.4037671257319e-06,0,0,0,3.11420256077824,1.56412247549631e-05,0,0,0,0.498272409724519,2.50259596079409e-06,0,0,0,7.1565390014116e-08,1.57792695190679e-06,0,0,0,7.1543449783107e-08,1.26047290942227e-06,0
47,0,0,1.1055363419994,9.44730836782274e-05,0,0,0,1.1055363419994,9.44730836782274e-05,0,0,0,0,0,0,0,0,0.000263090953680645,1.71893411919241e-08,0,0,0,0.0007411396331236,3.98404397363201e-05,0,0,0,0.0838959124212194,1.5319318001328e-07,0,0,0,0.0838959124212194,1.5319318001328e-07,0,0,0,0,0,0,0,0,0,0,0,0,0,0,0,0,0,0,0.177869025964309,7.39764502854187e-06,0,0,0,1.7783741955813,3.44958729850357e-06,0,0,0,0.284539871293009,5.51933967760571e-07,0,0,0,4.22480454328921e-08,1.49369501162758e-06,0,0,0,4.22350931961155e-08,1.19318710845302e-06,0
48,0,0,1.25091132438527,0.000175374431997838,0,0,0,1.25091132438527,0.000175374431997838,0,0,0,0,0,0,0,0,0.000142352264259664,1.75013038441008e-08,0,0,0,0.000838597452480271,7.39575148525765e-05,0,0,0,0.0851696400370199,6.36689803669786e-07,0,0,0,0.0851696400370199,6.36689803669786e-07,0,0,0,0,0,0,0,0,0,0,0,0,0,0,0,0,0,0,0.110104985368769,7.41240288023812e-06,0,0,0,1.89534442809307,1.60462273607733e-05,0,0,0,0.303255108494891,2.56739637772373e-06,0,0,0,4.78035469820645e-08,2.77281003269042e-06,0,0,0,4.7788891561845e-08,2.21496433973517e-06,0
49,0,0,0.754139440764442,0.000173216951691625,0,0,0,0.754139440764442,0.000173216951691625,0,0,0,0,0,0,0,0,8.84819740664504e-05,1.77549366123156e-08,0,0,0,0.000505566942685361,7.30476793653097e-05,0,0,0,0.0534502911280103,7.13974028136114e-07,0,0,0,0.0534502911280103,7.13974028136114e-07,0,0,0,0,0,0,0,0,0,0,0,0,0,0,0,0,0,0,0.0685016187666295,7.41587286447843e-06,0,0,0,1.16793363483925,1.79843135338423e-05,0,0,0,0.18686938157428,2.87749016541478e-06,0,0,0,2.88194210771311e-08,2.73869854351693e-06,0,0,0,2.8810585734295e-08,2.18771554475688e-06,0
50,0,0,0.274311448044177,0.000103621100433513,0,0,0,0.274311448044177,0.000103621100433513,0,0,0,0,0,0,0,0,6.3179645817955e-05,1.80222189450085e-08,0,0,0,0.000183895434497778,4.36982688243081e-05,0,0,0,0.0213947666912725,1.48823993258694e-07,0,0,0,0.0213947666912725,1.48823993258694e-07,0,0,0,0,0,0,0,0,0,0,0,0,0,0,0,0,0,0,0.0427141332881049,7.40890186808404e-06,0,0,0,0.448285439467776,3.25469765719668e-06,0,0,0,0.0717256703148442,5.20751625151469e-07,0,0,0,1.04828055663674e-08,1.63833247302553e-06,0,0,0,1.04795917897681e-08,1.30872579138091e-06,0
51,0,0,0.139861663197572,8.8973214689894e-05,0,0,0,0.139861663197572,8.8973214689894e-05,0,0,0,0,0,0,0,0,3.92706067013776e-05,1.82439837856494e-08,0,0,0,9.37617496706053e-05,3.75210785970811e-05,0,0,0,0.0121606436172908,6.12236022642516e-07,0,0,0,0.0121606436172908,6.12236022642516e-07,0,0,0,0,0,0,0,0,0,0,0,0,0,0,0,0,0,0,0.0265498469836417,7.42256364840082e-06,0,0,0,0.243575306972044,1.54266709106567e-05,0,0,0,0.0389720491155271,2.46826734570507e-06,0,0,0,5.34481018543852e-09,1.40673768417906e-06,0,0,0,5.34317159491111e-09,1.12372422527445e-06,0
52,0,0,0.0899452252895007,9.22738278046884e-05,0,0,0,0.0899452252895007,9.22738278046884e-05,0,0,0,0,0,0,0,0,2.44094522963598e-05,1.85289696614724e-08,0,0,0,6.02983083773795e-05,3.89129869880547e-05,0,0,0,0.00766199158686019,6.34633561434586e-07,0,0,0,0.00766199158686019,6.34633561434586e-07,0,0,0,0,0,0,0,0,0,0,0,0,0,0,0,0,0,0,0.016502602782557,7.42646262050552e-06,0,0,0,0.154726631884711,1.59640532844332e-05,0,0,0,0.0247562611015537,2.55424852550931e-06,0,0,0,3.43725467914522e-09,1.45892301732297e-06,0,0,0,3.43620089935471e-09,1.16541069156973e-06,0
53,0,0,0.0526722795989993,9.19247984361065e-05,0,0,0,0.0526722795989993,9.19247984361065e-05,0,0,0,0,0,0,0,0,1.08335512519928e-05,1.88275463296616e-08,0,0,0,3.53109278227664e-05,3.87657970903209e-05,0,0,0,0.00495807656869401,1.9787510422531e-07,0,0,0,0.00495807656869401,1.9787510422531e-07,0,0,0,0,0,0,0,0,0,0,0,0,0,0,0,0,0,0,0.0102073500798408,7.41902649912483e-06,0,0,0,0.0962499909732968,4.33550486070436e-06,0,0,0,0.0153999985557275,6.93680777712698e-07,0,0,0,2.01286993200783e-09,1.45340458385532e-06,0,0,0,2.01225283439555e-09,1.16100247997285e-06,0
54,0,0,0.0304263408689649,8.91399693691428e-05,0,0,0,0.0304263408689649,8.91399693691428e-05,0,0,0,0,0,0,0,0,6.73381632467649e-06,1.9099076450309e-08,0,0,0,2.03974905683656e-05,3.75914010581536e-05,0,0,0,0.00314442909003216,1.56461791625602e-07,0,0,0,0.00314442909003216,1.56461791625602e-07,0,0,0,0,0,0,0,0,0,0,0,0,0,0,0,0,0,0,0.00633953004921165,7.42300123032779e-06,0,0,0,0.0589745111149771,3.14038923236487e-06,0,0,0,0.00943592177839634,5.02462277178379e-07,0,0,0,1.16274190413669e-09,1.40937420902679e-06,0,0,0,1.16238543537468e-09,1.12583032286127e-06,0
55,0,0,0.0459923271467289,0.000196402543458289,0,0,0,0.0459923271467289,0.000196402543458289,0,0,0,0,0,0,0,0,5.10266840478255e-06,1.93070122748051e-08,0,0,0,3.0832759786422e-05,8.28253232779071e-05,0,0,0,0.00310230633818941,7.31229425975311e-07,0,0,0,0.00310230633818941,7.31229425975311e-07,0,0,0,0,0,0,0,0,0,0,0,0,0,0,0,0,0,0,0.00395408891030845,7.43710722283343e-06,0,0,0,0.0693383963850204,1.84604621262792e-05,0,0,0,0.0110941434216033,2.95367394020467e-06,0,0,0,1.75759570539789e-09,3.10528129296393e-06,0,0,0,1.75705686873691e-09,2.48054762052636e-06,0
56,0,0,0.0261025155481797,0.000186593032768022,0,0,0,0.0261025155481797,0.000186593032768022,0,0,0,0,0,0,0,0,3.10944733123028e-06,1.96426446984108e-08,0,0,0,1.74988447344876e-05,7.86885342128917e-05,0,0,0,0.00189679373720045,7.27002939061385e-07,0,0,0,0.00189679373720045,7.27002939061385e-07,0,0,0,0,0,0,0,0,0,0,0,0,0,0,0,0,0,0,0.00245220832618762,7.44180950713516e-06,0,0,0,0.040985950472567,1.81532452511199e-05,0,0,0,0.00655775207561072,2.90451924017918e-06,0,0,0,9.9750702070802e-10,2.95018508339735e-06,0,0,0,9.9720120899564e-10,2.35665432478379e-06,0
57,0,0,0.00930795034785264,0.000109428767399511,0,0,0,0.00930795034785264,0.000109428767399511,0,0,0,0,0,0,0,0,2.2646972580118e-06,1.98665226054987e-08,0,0,0,6.23994946512932e-06,4.61474320860423e-05,0,0,0,0.000755069834799344,1.74205249552985e-07,0,0,0,0.000755069834799344,1.74205249552985e-07,0,0,0,0,0,0,0,0,0,0,0,0,0,0,0,0,0,0,0.00153110355848862,7.43263482787461e-06,0,0,0,0.0155566035088486,3.81098810785507e-06,0,0,0,0.00248905656141577,6.09758097256811e-07,0,0,0,3.55703104677671e-10,1.73015633267482e-06,0,0,0,3.55594054642651e-10,1.38207613715367e-06,0
58,0,0,0.00528960709199273,0.000102438280014182,0,0,0,0.00528960709199273,0.000102438280014182,0,0,0,0,0,0,0,0,1.40766910237719e-06,2.00682908977299e-08,0,0,0,3.54609551092406e-06,4.3199459176094e-05,0,0,0,0.000472010337251768,6.43858939262125e-07,0,0,0,0.000472010337251768,6.43858939262125e-07,0,0,0,0,0,0,0,0,0,0,0,0,0,0,0,0,0,0,0.000951688868876163,7.44752247739314e-06,0,0,0,0.00935723239680059,1.60886455905875e-05,0,0,0,0.00149715718348809,2.57418329449401e-06,0,0,0,2.02142211209894e-10,1.61963113618738e-06,0,0,0,2.0208023925935e-10,1.29378686887503e-06,0
59,0,0,0.00374522129512566,0.000116781058943536,0,0,0,0.00374522129512566,0.000116781058943536,0,0,0,0,0,0,0,0,8.74965647075942e-07,2.03089096021684e-08,0,0,0,2.51075593916353e-06,4.92479821769154e-05,0,0,0,0.000293695406110184,6.45452848870705e-07,0,0,0,0.000293695406110184,6.45452848870705e-07,0,0,0,0,0,0,0,0,0,0,0,0,0,0,0,0,0,0,0.000591541766147312,7.45081444591431e-06,0,0,0,0.00613966319613051,1.62559406535918e-05,0,0,0,0.000982346111380881,2.60095050457469e-06,0,0,0,1.43123544131116e-10,1.84640194227879e-06,0,0,0,1.4307966588745e-10,1.4749349615549e-06,0
60,0,0,0.00170781511696048,8.93531334041194e-05,0,0,0,0.00170781511696048,8.93531334041194e-05,0,0,0,0,0,0,0,0,5.43852871580531e-07,2.05647814982161e-08,0,0,0,1.14490082428038e-06,3.76812949047265e-05,0,0,0,0.000156784167579957,6.35471635992902e-07,0,0,0,0.000156784167579957,6.35471635992902e-07,0,0,0,0,0,0,0,0,0,0,0,0,0,0,0,0,0,0,0.000367684936264831,7.45431509869938e-06,0,0,0,0.00307378345590312,1.58994290307931e-05,0,0,0,0.000491805352944499,2.5439086449269e-06,0,0,0,6.52641147208577e-11,1.41274450290634e-06,0,0,0,6.52441063096231e-11,1.12852256671123e-06,0
61,0,0,0.00145337852760959,0.000117940485382216,0,0,0,0.00145337852760959,0.000117940485382216,0,0,0,0,0,0,0,0,3.38042924216334e-07,2.08089693084094e-08,0,0,0,9.74329280568214e-07,4.97369263011093e-05,0,0,0,0.000111512539319765,6.43607880317639e-07,0,0,0,0.000111512539319765,6.43607880317639e-07,0,0,0,0,0,0,0,0,0,0,0,0,0,0,0,0,0,0,0.000228542125159773,7.45765589569355e-06,0,0,0,0.00235233569680145,1.62274085764184e-05,0,0,0,0.000376373711488232,2.59638537222694e-06,0,0,0,5.55408264142557e-11,1.86473340157258e-06,0,0,0,5.55237989298569e-11,1.48957842005092e-06,0
62,0,0,0.00151958086310804,0.000198428872366154,0,0,0,0.00151958086310804,0.000198428872366154,0,0,0,0,0,0,0,0,2.10117523661562e-07,2.1050559034387e-08,0,0,0,1.01871061185445e-06,8.36798506374109e-05,0,0,0,0.000102766815963594,7.38690372987733e-07,0,0,0,0.000102766815963594,7.38690372987733e-07,0,0,0,0,0,0,0,0,0,0,0,0,0,0,0,0,0,0,0.000142055052630508,7.46096114874909e-06,0,0,0,0.00229397225033108,1.86180884454258e-05,0,0,0,0.000367035560052973,2.97889415126813e-06,0,0,0,5.80707471157711e-11,3.13731917363587e-06,0,0,0,5.80529440184033e-11,2.50613998436392e-06,0
63,0,0,0.00103327606222468,0.000217957477720789,0,0,0,0.00103327606222468,0.000217957477720789,0,0,0,0,0,0,0,0,1.28426148704288e-07,2.12895783189785e-08,0,0,0,6.92697121369724e-07,9.19152992379421e-05,0,0,0,6.88854958659787e-05,7.60544363646348e-07,0,0,0,6.88854958659787e-05,7.60544363646348e-07,0,0,0,0,0,0,0,0,0,0,0,0,0,0,0,0,0,0,8.82855613201904e-05,7.46423123491493e-06,0,0,0,0.00154810049842121,1.91520104826323e-05,0,0,0,0.000247696079747394,3.06432167722117e-06,0,0,0,3.94866205326536e-11,3.44608204308569e-06,0,0,0,3.94745148824771e-11,2.75278462903944e-06,0
64,0,0,0.000265771028154463,0.000100461290436594,0,0,0,0.000265771028154463,0.000100461290436594,0,0,0,0,0,0,0,0,5.79649552867611e-08,2.15819998498161e-08,0,0,0,1.78170029168871e-07,4.23657388077245e-05,0,0,0,2.49911664771797e-05,1.6852092481182e-07,0,0,0,2.49911664771797e-05,1.6852092481182e-07,0,0,0,0,0,0,0,0,0,0,0,0,0,0,0,0,0,0,5.47088005143806e-05,7.45538986097703e-06,0,0,0,0.000485404832738136,3.47101545144437e-06,0,0,0,7.76647732381017e-05,5.55362472231099e-07,0,0,0,1.01564336201824e-11,1.58837334978824e-06,0,0,0,1.01533199013889e-11,1.26881765663297e-06,0
65,0,0,0.000155551255392137,9.3746098775671e-05,0,0,0,0.000155551255392137,9.3746098775671e-05,0,0,0,0,0,0,0,0,3.53224942762046e-08,2.17581805094428e-08,0,0,0,1.04279882961374e-07,3.95338614277495e-05,0,0,0,1.57972481156787e-05,6.44927263892823e-07,0,0,0,1.57972481156787e-05,6.44927263892823e-07,0,0,0,0,0,0,0,0,0,0,0,0,0,0,0,0,0,0,3.40008682538739e-05,7.47064230494182e-06,0,0,0,0.000298093451216541,1.5974650786492e-05,0,0,0,4.76949521946465e-05,2.55594412583872e-06,0,0,0,5.94438758391712e-12,1.48220079888254e-06,0,0,0,5.94256517734919e-12,1.18400535022096e-06,0
66,0,0,0.000125555786915409,0.000119438603478565,0,0,0,0.000125555786915409,0.000119438603478565,0,0,0,0,0,0,0,0,3.13634601165218e-08,2.20436653448321e-08,0,0,0,8.41712445949435e-08,5.0368700785562e-05,0,0,0,1.02742636820525e-05,1.97637997421002e-07,0,0,0,1.02742636820525e-05,1.97637997421002e-07,0,0,0,0,0,0,0,0,0,0,0,0,0,0,0,0,0,0,2.12040285830877e-05,7.46108959568506e-06,0,0,0,0.000210920176880708,4.32915396544974e-06,0,0,0,3.37472283009132e-05,6.92664634471959e-07,0,0,0,4.79811145816459e-12,1.88841984685647e-06,0,0,0,4.79664047234619e-12,1.50849952572364e-06,0
67,0,0,6.11380049120091e-05,9.9379996141973e-05,0,0,0,6.11380049120091e-05,9.9379996141973e-05,0,0,0,0,0,0,0,0,1.39199212045753e-08,2.22748888956567e-08,0,0,0,4.09862587135284e-08,4.19097439517842e-05,0,0,0,6.17527692728115e-06,1.72603830539002e-07,0,0,0,6.17527692728115e-06,1.72603830539002e-07,0,0,0,0,0,0,0,0,0,0,0,0,0,0,0,0,0,0,1.31432039571313e-05,7.46458207071974e-06,0,0,0,0.000116789123430527,3.47533592173827e-06,0,0,0,1.86862597488844e-05,5.56053747478123e-07,0,0,0,2.33638742669243e-12,1.57127722218137e-06,0,0,0,2.3356711463807e-12,1.25516100055111e-06,0
68,0,0,4.89328151081436e-05,0.000121081016083655,0,0,0,4.89328151081436e-05,0.000121081016083655,0,0,0,0,0,0,0,0,1.07591366434251e-08,2.24322427141456e-08,0,0,0,3.280403118306e-08,5.10613260060758e-05,0,0,0,4.02008208882625e-06,6.54626701292421e-07,0,0,0,4.02008208882625e-06,6.54626701292421e-07,0,0,0,0,0,0,0,0,0,0,0,0,0,0,0,0,0,0,8.18134336621985e-06,7.47986432857167e-06,0,0,0,8.24014561513522e-05,1.63868407988586e-05,0,0,0,1.31842329842164e-05,2.62189452781737e-06,0,0,0,1.86996638401714e-12,1.91438770372894e-06,0,0,0,1.869393097203e-12,1.52924305891695e-06,0
69,0,0,5.96768327123458e-05,0.000233417043799347,0,0,0,5.96768327123458e-05,0.000233417043799347,0,0,0,0,0,0,0,0,7.53173864044257e-09,2.27160166541877e-08,0,0,0,4.00067046393219e-08,9.84347848599024e-05,0,0,0,3.93387750640466e-06,7.87637334763907e-07,0,0,0,3.93387750640466e-06,7.87637334763907e-07,0,0,0,0,0,0,0,0,0,0,0,0,0,0,0,0,0,0,5.09201474642656e-06,7.48374693949154e-06,0,0,0,8.88759279513376e-05,1.98144502997366e-05,0,0,0,1.4220148472214e-05,3.17031204795786e-06,0,0,0,2.28054876528306e-12,3.69051014720178e-06,0,0,0,2.27984960376479e-12,2.94803764957215e-06,0
70,0,0,3.58980150284809e-05,0.000230010731366655,0,0,0,3.58980150284809e-05,0.000230010731366655,0,0,0,0,0,0,0,0,4.07524483179475e-09,2.29373159753112e-08,0,0,0,2.40656418765546e-08,9.69983017907146e-05,0,0,0,2.44806771913323e-06,7.80379586695468e-07,0,0,0,2.44806771913323e-06,7.80379586695468e-07,0,0,0,0,0,0,0,0,0,0,0,0,0,0,0,0,0,0,3.15625816588384e-06,7.48677437039508e-06,0,0,0,5.44420560235595e-05,1.95824667804603e-05,0,0,0,8.71072896376952e-06,3.13319468487365e-06,0,0,0,1.37184180407045e-12,3.6366536233046e-06,0,0,0,1.37142123029753e-12,2.90501620977355e-06,0
71,0,0,1.25151728297631e-05,0.000134853872940794,0,0,0,1.25151728297631e-05,0.000134853872940794,0,0,0,0,0,0,0,0,2.90988676293412e-09,2.31461442975198e-08,0,0,0,8.39003680580415e-09,5.68695059897285e-05,0,0,0,9.94618441734988e-07,3.68949028779116e-07,0,0,0,9.94618441734988e-07,3.68949028779116e-07,0,0,0,0,0,0,0,0,0,0,0,0,0,0,0,0,0,0,1.96729958574629e-06,7.4754439784774e-06,0,0,0,2.06733613429325e-05,8.83277861117794e-06,0,0,0,3.30773781486921e-06,1.41324457778847e-06,0,0,0,4.78267036754378e-13,2.13214758604038e-06,0,0,0,4.78120411559318e-13,1.70319308371428e-06,0
72,0,0,6.84232668125524e-06,0.000121644821539712,0,0,0,6.84232668125524e-06,0.000121644821539712,0,0,0,0,0,0,0,0,1.29623492311268e-09,2.33220604593947e-08,0,0,0,4.58702196717118e-09,5.12990895723798e-05,0,0,0,6.1420632606082e-07,6.74111608101704e-07,0,0,0,6.1420632606082e-07,6.74111608101704e-07,0,0,0,0,0,0,0,0,0,0,0,0,0,0,0,0,0,0,1.2200668770416e-06,7.49203816093613e-06,0,0,0,1.21449518681097e-05,1.67181314227308e-05,0,0,0,1.94319229889755e-06,2.67490102763693e-06,0,0,0,2.6147935397e-13,1.92330191891546e-06,0,0,0,2.61399190675578e-13,1.5363638744514e-06,0
73,0,0,4.05347142449094e-06,0.000115413709520443,0,0,0,4.05347142449094e-06,0.000115413709520443,0,0,0,0,0,0,0,0,1.12423457282921e-09,2.35369116579955e-08,0,0,0,2.71740349936487e-09,4.86713544204345e-05,0,0,0,3.40864546016344e-07,6.59790101489782e-07,0,0,0,3.40864546016344e-07,6.59790101489782e-07,0,0,0,0,0,0,0,0,0,0,0,0,0,0,0,0,0,0,7.6006607459131e-07,7.49497759780578e-06,0,0,0,6.92062033585047e-06,1.65056803125603e-05,0,0,0,1.10729925373608e-06,2.64090885000964e-06,0,0,0,1.54903315609787e-13,1.82478305430662e-06,0,0,0,1.54855825970901e-13,1.45766545323715e-06,0
