"daynum","ind.derm.exp1","ind.derm.exp2","ind.derm.exp3","ind.derm.exp4","ind.derm.exp5","ind.derm.pr.exp1","ind.derm.pr.exp2","ind.derm.pr.exp3","ind.derm.pr.exp4","ind.derm.pr.exp5","ind.derm.ar.exp1","ind.derm.ar.exp2","ind.derm.ar.exp3","ind.derm.ar.exp4","ind.derm.ar.exp5","ind.derm.max1","ind.derm.max2","ind.derm.max3","ind.derm.max4","ind.derm.max5","ind.derm.abs1","ind.derm.abs2","ind.derm.abs3","ind.derm.abs4","ind.derm.abs5","ind.inhal.exp1","ind.inhal.exp2","ind.inhal.exp3","ind.inhal.exp4","ind.inhal.exp5","ind.inhal.pr.exp1","ind.inhal.pr.exp2","ind.inhal.pr.exp3","ind.inhal.pr.exp4","ind.inhal.pr.exp5","ind.inhal.ar.exp1","ind.inhal.ar.exp2","ind.inhal.ar.exp3","ind.inhal.ar.exp4","ind.inhal.ar.exp5","ind.inhal.amb.in1","ind.inhal.amb.in2","ind.inhal.amb.in3","ind.inhal.amb.in4","ind.inhal.amb.in5","ind.inhal.amb.out1","ind.inhal.amb.out2","ind.inhal.amb.out3","ind.inhal.amb.out4","ind.inhal.amb.out5","ind.inhal.max1","ind.inhal.max2","ind.inhal.max3","ind.inhal.max4","ind.inhal.max5","ind.inhal.mass1","ind.inhal.mass2","ind.inhal.mass3","ind.inhal.mass4","ind.inhal.mass5","ind.inhal.abs1","ind.inhal.abs2","ind.inhal.abs3","ind.inhal.abs4","ind.inhal.abs5","ind.ingest.exp1","ind.ingest.exp2","ind.ingest.exp3","ind.ingest.exp4","ind.ingest.exp5","ind.ingest.abs1","ind.ingest.abs2","ind.ingest.abs3","ind.ingest.abs4","ind.ingest.abs5"
1,0,0,0,0,0,0,0,0,0,0,0,0,0,0,0,0,0,0,0,0,0,0,0,0,0,0,0,0,0,0,0,0,0,0,0,0,0,0,0,0,0,0,0,0,0,0,0,0,0,0,0,0,0,0,0,0,0,0,0,0,0,0,0,0,0,0,0,0,0,0,0,0,0,0,0
2,0,0,0,0,0,0,0,0,0,0,0,0,0,0,0,0,0,0,0,0,0,0,0,0,0,0,0,0,0,0,0,0,0,0,0,0,0,0,0,0,0,0,0,0,0,0,0,0,0,0,0,0,0,0,0,0,0,0,0,0,0,0,0,0,0,0,0,0,0,0,0,0,0,0,0
3,0,0,0,0,0,0,0,0,0,0,0,0,0,0,0,0,0,0,0,0,0,0,0,0,0,0,0,0,0,0,0,0,0,0,0,0,0,0,0,0,0,0,0,0,0,0,0,0,0,0,0,0,0,0,0,0,0,0,0,0,0,0,0,0,0,0,0,0,0,0,0,0,0,0,0
4,0,0,0,0,0,0,0,0,0,0,0,0,0,0,0,0,0,0,0,0,0,0,0,0,0,0,0,0,0,0,0,0,0,0,0,0,0,0,0,0,0,0,0,0,0,0,0,0,0,0,0,0,0,0,0,0,0,0,0,0,0,0,0,0,0,0,0,0,0,0,0,0,0,0,0
5,0,0,0,0,0,0,0,0,0,0,0,0,0,0,0,0,0,0,0,0,0,0,0,0,0,0,0,0,0,0,0,0,0,0,0,0,0,0,0,0,0,0,0,0,0,0,0,0,0,0,0,0,0,0,0,0,0,0,0,0,0,0,0,0,0,0,0,0,0,0,0,0,0,0,0
6,0,0,6.53915177380062,1.34212567543867e-06,0,0,0,6.53915177380062,1.34212567543867e-06,0,0,0,0,0,0,0,0,0.00308991824506336,4.04079701709208e-10,0,0,0,0.00439799017818956,4.27404047983709e-07,0,0,0,38.1479124625411,3.65463173542761e-07,0,0,0,38.1479124625411,3.65463173542761e-07,0,0,0,0,0,0,0,0,0,0,0,0,0,0,0,0,0,0,241.569294665095,4.40553057749992e-06,0,0,0,954.048239965808,9.61932800644113e-06,0,0,0,152.647718394529,1.53909248103058e-06,0,0,0,1.61625669558292e-06,1.0330609299936e-07,0,0,0,1.61576119007022e-06,8.25225346753844e-08,0
7,0,0,23.5027284705899,4.03382843719588e-06,0,0,0,23.5027284705899,4.03382843719588e-06,0,0,0,0,0,0,0,0,0.00364030713019008,8.03059880718993e-10,0,0,0,0.0158070606937807,1.28458506865671e-06,0,0,0,11.6214523048686,3.79241597115754e-07,0,0,0,11.6214523048686,3.79241597115754e-07,0,0,0,0,0,0,0,0,0,0,0,0,0,0,0,0,0,0,45.4785417413114,4.4190978388987e-06,0,0,0,189.099896290528,9.88242042432343e-06,0,0,0,30.2559834064845,1.58118726789175e-06,0,0,0,5.8090779307574e-06,3.10491828971396e-07,0,0,0,5.8072970068817e-06,2.48025764781117e-07,0
8,0,0,3.46795968676875,1.25507910280039e-06,0,0,0,3.46795968676875,1.25507910280039e-06,0,0,0,0,0,0,0,0,0.00222550089243662,7.98498367610267e-10,0,0,0,0.0023324206515399,3.99683799284533e-07,0,0,0,1.60266454554577,1.47670623264152e-08,0,0,0,1.60266454554577,1.47670623264152e-08,0,0,0,0,0,0,0,0,0,0,0,0,0,0,0,0,0,0,3.56355758418812,3.42876330154629e-08,0,0,0,24.1694992873378,2.27887698624478e-07,0,0,0,3.86711988597405,3.64620317799165e-08,0,0,0,8.57162099556823e-07,9.66059445014884e-08,0,0,0,8.56899314228989e-07,7.71703504944446e-08,0
9,0,0,3.77755474055975,1.9005880598024e-06,0,0,0,3.77755474055975,1.9005880598024e-06,0,0,0,0,0,0,0,0,0.0015876292671518,7.88202635541813e-10,0,0,0,0.00254064276549115,6.05248111391317e-07,0,0,0,1.211667829449,1.53524050645448e-08,0,0,0,1.211667829449,1.53524050645448e-08,0,0,0,0,0,0,0,0,0,0,0,0,0,0,0,0,0,0,2.43747676643156,2.65443848557597e-08,0,0,0,19.9202586687314,2.61126141413331e-07,0,0,0,3.18724138699703,4.1780182626133e-08,0,0,0,9.33683504154566e-07,1.46292057780094e-07,0,0,0,9.33397259200596e-07,1.16860400586109e-07,0
10,0,0,2.62242373782259,1.85541099167784e-06,0,0,0,2.62242373782259,1.85541099167784e-06,0,0,0,0,0,0,0,0,0.00109979874956719,7.77162134602409e-10,0,0,0,0.00176374463247725,5.90861335140902e-07,0,0,0,0.803464634998454,1.41957168094369e-08,0,0,0,0.803464634998454,1.41957168094369e-08,0,0,0,0,0,0,0,0,0,0,0,0,0,0,0,0,0,0,1.71333083336286,2.61798545234514e-08,0,0,0,13.3750735068244,2.45333413334981e-07,0,0,0,2.1400117610919,3.92533461335969e-08,0,0,0,6.48174269619055e-07,1.42814688643564e-07,0,0,0,6.47975554944172e-07,1.14082623333899e-07,0
11,0,0,2.2075503919834,2.11400485278329e-06,0,0,0,2.2075503919834,2.11400485278329e-06,0,0,0,0,0,0,0,0,0.000922112686016577,7.71917758616248e-10,0,0,0,0.00148471625642643,6.7321134530972e-07,0,0,0,0.629833031918189,1.56272846067446e-08,0,0,0,0.629833031918189,1.56272846067446e-08,0,0,0,0,0,0,0,0,0,0,0,0,0,0,0,0,0,0,1.20443299126789,2.59957504350498e-08,0,0,0,10.7012126887376,2.72984680404166e-07,0,0,0,1.71219403019802,4.36775488646666e-08,0,0,0,5.45631639286168e-07,1.62719174455365e-07,0,0,0,5.45464361720722e-07,1.29982640195539e-07,0
12,0,0,1.5336426825235,2.12104823339499e-06,0,0,0,1.5336426825235,2.12104823339499e-06,0,0,0,0,0,0,0,0,0.000551535864247596,7.56822930537308e-10,0,0,0,0.00103147100540082,6.75454331521833e-07,0,0,0,0.409155822659987,1.43152412365845e-08,0,0,0,0.409155822659987,1.43152412365845e-08,0,0,0,0,0,0,0,0,0,0,0,0,0,0,0,0,0,0,0.84668953726319,2.54874043331237e-08,0,0,0,7.09297980898084,2.57466867192839e-07,0,0,0,1.13487676943693,4.11946987508542e-08,0,0,0,3.79064493378426e-07,1.63261317524243e-07,0,0,0,3.78948281302304e-07,1.30415712620423e-07,0
13,0,0,2.96506590666255,6.61600947291689e-06,0,0,0,2.96506590666255,6.61600947291689e-06,0,0,0,0,0,0,0,0,0.000455687481655506,1.14713520138767e-09,0,0,0,0.00199419300641304,2.10688855892651e-06,0,0,0,0.489009329577247,3.8946713264316e-07,0,0,0,0.489009329577247,3.8946713264316e-07,0,0,0,0,0,0,0,0,0,0,0,0,0,0,0,0,0,0,0.59520386644851,4.43071775823116e-06,0,0,0,10.0910922373527,1.01095275509885e-05,0,0,0,1.61457475797644,1.61752440815815e-06,0,0,0,7.32863801034346e-07,5.09247459013413e-07,0,0,0,7.3263912258168e-07,4.06794893453631e-07,0
14,0,0,1.97983053594221,1.02367036941378e-05,0,0,0,1.97983053594221,1.02367036941378e-05,0,0,0,0,0,0,0,0,0.000315668475815301,1.54587624252117e-09,0,0,0,0.00133156035411805,3.25990976624022e-06,0,0,0,0.342032340532731,3.9842721142231e-07,0,0,0,0.342032340532731,3.9842721142231e-07,0,0,0,0,0,0,0,0,0,0,0,0,0,0,0,0,0,0,0.418415047127752,4.44412447557917e-06,0,0,0,6.92385145753901,1.02803976179793e-05,0,0,0,1.10781623320624,1.64486361887669e-06,0,0,0,4.89347008683406e-07,7.87939522495052e-07,0,0,0,4.89196986634872e-07,6.29418504556224e-07,0
15,0,0,0.41429968982524,3.33299328927959e-06,0,0,0,0.41429968982524,3.33299328927959e-06,0,0,0,0,0,0,0,0,0.000191601281727082,1.52405618183891e-09,0,0,0,0.000278642556360084,1.06140196094157e-06,0,0,0,0.139744812565238,2.82630220781117e-08,0,0,0,0.139744812565238,2.82630220781117e-08,0,0,0,0,0,0,0,0,0,0,0,0,0,0,0,0,0,0,0.294136448923865,5.13253955262782e-08,0,0,0,2.2667672709901,4.73854225317777e-07,0,0,0,0.362682763358417,7.58166760508443e-08,0,0,0,1.0240084200841e-07,2.56547148310848e-07,0,0,0,1.02369448367871e-07,2.04933903971027e-07,0
16,0,0,0.381130024344695,4.21650114935662e-06,0,0,0,0.381130024344695,4.21650114935662e-06,0,0,0,0,0,0,0,0,0.000134691429008904,1.50355658363966e-09,0,0,0,0.000256333873515049,1.34275775550897e-06,0,0,0,0.106454795016073,3.01443370883794e-08,0,0,0,0.106454795016073,3.01443370883794e-08,0,0,0,0,0,0,0,0,0,0,0,0,0,0,0,0,0,0,0.206771365369004,5.08227803921769e-08,0,0,0,1.82006135315589,5.32120094217933e-07,0,0,0,0.291209816504942,8.51392150748693e-08,0,0,0,9.42024248776183e-08,3.24552512360643e-07,0,0,0,9.4173544675009e-08,2.59257660198514e-07,0
17,0,0,0.307681959582352,4.72929501681484e-06,0,0,0,0.307681959582352,4.72929501681484e-06,0,0,0,0,0,0,0,0,0.000102010467905409,1.48333271905216e-09,0,0,0,0.000206935437967793,1.50605853929081e-06,0,0,0,0.0736792261276041,2.92561814980947e-08,0,0,0,0.0736792261276041,2.92561814980947e-08,0,0,0,0,0,0,0,0,0,0,0,0,0,0,0,0,0,0,0.145355659568831,5.01950875484254e-08,0,0,0,1.32217420998001,5.42179437708476e-07,0,0,0,0.211547873596802,8.67487100333561e-08,0,0,0,7.60485525473618e-08,3.64023280210924e-07,0,0,0,7.60252378863161e-08,2.90787531419266e-07,0
18,0,0,0.200338988486941,4.39491219461422e-06,0,0,0,0.200338988486941,4.39491219461422e-06,0,0,0,0,0,0,0,0,6.65614940735389e-05,1.4633808792779e-09,0,0,0,0.000134740549562424,1.39957330143255e-06,0,0,0,0.0510183759075534,2.85000358427805e-08,0,0,0,0.0510183759075534,2.85000358427805e-08,0,0,0,0,0,0,0,0,0,0,0,0,0,0,0,0,0,0,0.10218178774892,4.92820429437018e-08,0,0,0,0.897364405646648,5.19490068031065e-07,0,0,0,0.143578304903464,8.31184108849705e-08,0,0,0,4.95170081272075e-08,3.38285166739281e-07,0,0,0,4.95018274009239e-08,2.7022752087414e-07,0
19,0,0,0.119108599688232,3.6981656844613e-06,0,0,0,0.119108599688232,3.6981656844613e-06,0,0,0,0,0,0,0,0,4.67912462428243e-05,1.44369740539705e-09,0,0,0,8.01080124283914e-05,1.17769223298451e-06,0,0,0,0.0359629296627561,2.82203152157587e-08,0,0,0,0.0359629296627561,2.82203152157587e-08,0,0,0,0,0,0,0,0,0,0,0,0,0,0,0,0,0,0,0.0718315184873901,4.86191657537552e-08,0,0,0,0.601108776198012,4.88049273593195e-07,0,0,0,0.0961774041916819,7.80878837749112e-08,0,0,0,2.94396090512704e-08,2.84655196690976e-07,0,0,0,2.94305835736859e-08,2.27387055859376e-07,0
20,0,0,0.250616612235794,1.27181442315698e-05,0,0,0,0.250616612235794,1.27181442315698e-05,0,0,0,0,0,0,0,0,3.86596530635464e-05,1.83200869484047e-09,0,0,0,0.000168555408595991,4.05013213508261e-06,0,0,0,0.0419458295457993,4.09851287232193e-07,0,0,0,0.0419458295457993,4.09851287232193e-07,0,0,0,0,0,0,0,0,0,0,0,0,0,0,0,0,0,0,0.0504959559024629,4.45376719015029e-06,0,0,0,0.860286798786455,1.05446437503474e-05,0,0,0,0.137645887805833,1.68714300005559e-06,0,0,0,6.19439327243181e-08,9.7894095523983e-07,0,0,0,6.19249422011992e-08,7.81993458260326e-07,0
21,0,0,0.172150868493449,1.39362587427918e-05,0,0,0,0.172150868493449,1.39362587427918e-05,0,0,0,0,0,0,0,0,2.67807088177678e-05,2.20674078249028e-09,0,0,0,0.0001157822688616,4.43804444652381e-06,0,0,0,0.0290346433437832,4.19110935636804e-07,0,0,0,0.0290346433437832,4.19110935636804e-07,0,0,0,0,0,0,0,0,0,0,0,0,0,0,0,0,0,0,0.0354975311144382,4.46644438108533e-06,0,0,0,0.593621152628982,1.06980728530776e-05,0,0,0,0.0949793844206372,1.71169165649242e-06,0,0,0,4.25498602078227e-08,1.07270166132203e-06,0,0,0,4.25368154418797e-08,8.56890987478708e-07,0
22,0,0,0.0306385994148803,4.10555755790797e-06,0,0,0,0.0306385994148803,4.10555755790797e-06,0,0,0,0,0,0,0,0,1.60181305461966e-05,2.18237457512898e-09,0,0,0,2.06063819836699e-05,1.30742742769335e-06,0,0,0,0.011240572461418,3.86598243710957e-08,0,0,0,0.011240572461418,3.86598243710957e-08,0,0,0,0,0,0,0,0,0,0,0,0,0,0,0,0,0,0,0.0249539729014032,8.06085968450117e-08,0,0,0,0.178486100197034,6.29658355776433e-07,0,0,0,0.0285577760315255,1.00745336924229e-07,0,0,0,7.57282338146465e-09,3.16012962610855e-07,0,0,0,7.57050173556365e-09,2.52436133317777e-07,0
23,0,0,0.0259587838880567,4.87503097553387e-06,0,0,0,0.0259587838880567,4.87503097553387e-06,0,0,0,0,0,0,0,0,1.12603886251218e-05,2.15302014469695e-09,0,0,0,1.74589121841202e-05,1.55246860343993e-06,0,0,0,0.0085527106889818,4.07048216041318e-08,0,0,0,0.0085527106889818,4.07048216041318e-08,0,0,0,0,0,0,0,0,0,0,0,0,0,0,0,0,0,0,0.0175420865624846,7.2552948359233e-08,0,0,0,0.139586719926952,6.85433268410594e-07,0,0,0,0.0223338751883123,1.09669322945695e-07,0,0,0,6.41613159008795e-09,3.75240867937839e-07,0,0,0,6.41416455812958e-09,2.99748317228621e-07,0
24,0,0,0.0159859218047675,4.31077475495167e-06,0,0,0,0.0159859218047675,4.31077475495167e-06,0,0,0,0,0,0,0,0,8.03290008954492e-06,2.1252593871003e-09,0,0,0,1.07515362112189e-05,1.37277947507422e-06,0,0,0,0.00599373986970597,4.01847802167626e-08,0,0,0,0.00599373986970597,4.01847802167626e-08,0,0,0,0,0,0,0,0,0,0,0,0,0,0,0,0,0,0,0.0123316957256293,7.15720191952108e-08,0,0,0,0.0946897004097716,6.56555165209726e-07,0,0,0,0.0151503520655635,1.05048826433556e-07,0,0,0,3.95117808024261e-09,3.31808940015084e-07,0,0,0,3.94996674387148e-09,2.65054208933899e-07,0
25,0,0,0.0198352554884214,7.24273689920783e-06,0,0,0,0.0198352554884214,7.24273689920783e-06,0,0,0,0,0,0,0,0,6.52629148043196e-06,2.09667319451818e-09,0,0,0,1.3340454823127e-05,2.30647183483069e-06,0,0,0,0.00454807075234721,4.29249846547469e-08,0,0,0,0.00454807075234721,4.29249846547469e-08,0,0,0,0,0,0,0,0,0,0,0,0,0,0,0,0,0,0,0.0086689071409966,7.10291862907977e-08,0,0,0,0.0828182799495902,8.07874049538643e-07,0,0,0,0.0132509247919344,1.29259847926183e-07,0,0,0,4.9026029064204e-09,5.57487920372965e-07,0,0,0,4.90109988603176e-09,4.4533013401611e-07,0
26,0,0,0.00719508937835402,3.81745387699805e-06,0,0,0,0.00719508937835402,3.81745387699805e-06,0,0,0,0,0,0,0,0,3.96967970150668e-06,2.06847150578125e-09,0,0,0,4.83914940527604e-06,1.21567992467381e-06,0,0,0,0.00289934931262585,3.82839804890214e-08,0,0,0,0.00289934931262585,3.82839804890214e-08,0,0,0,0,0,0,0,0,0,0,0,0,0,0,0,0,0,0,0.00609404843350423,6.96595828326228e-08,0,0,0,0.0450368872822956,6.13721838678381e-07,0,0,0,0.00720590196516729,9.8195494188541e-08,0,0,0,1.77838224059499e-09,2.93837047047798e-07,0,0,0,1.7778370312812e-09,2.34721662584458e-07,0
27,0,0,0.0198618783738192,1.4916765976663e-05,0,0,0,0.0198618783738192,1.4916765976663e-05,0,0,0,0,0,0,0,0,3.23200014144283e-06,2.43968174779728e-09,0,0,0,1.33583603852771e-05,4.7502899899204e-06,0,0,0,0.00354041307409018,4.31890223936841e-07,0,0,0,0.00354041307409018,4.31890223936841e-07,0,0,0,0,0,0,0,0,0,0,0,0,0,0,0,0,0,0,0.00428398017257178,4.47436961970039e-06,0,0,0,0.0707704803326957,1.09441818226242e-05,0,0,0,0.0113232768532313,1.75106909161987e-06,0,0,0,4.90918318139619e-09,1.14817326084696e-06,0,0,0,4.90767814365317e-09,9.17178890234279e-07,0
28,0,0,0.014620025674365,1.80530413676181e-05,0,0,0,0.014620025674365,1.80530413676181e-05,0,0,0,0,0,0,0,0,2.30563394301362e-06,2.81399029288936e-09,0,0,0,9.83288529536079e-06,5.74904653129107e-06,0,0,0,0.00248542261667889,4.44620750788748e-07,0,0,0,0.00248542261667889,4.44620750788748e-07,0,0,0,0,0,0,0,0,0,0,0,0,0,0,0,0,0,0,0.0030115425433918,4.48701094889086e-06,0,0,0,0.0506451043608427,1.121686304918e-05,0,0,0,0.00810321669773483,1.7946980878688e-06,0,0,0,3.61357484933445e-09,1.38957863974616e-06,0,0,0,3.61246701401144e-09,1.1100173102407e-06,0
29,0,0,0.00321531213314179,6.48712417793288e-06,0,0,0,0.00321531213314179,6.48712417793288e-06,0,0,0,0,0,0,0,0,1.33913773374685e-06,2.78192996595955e-09,0,0,0,2.16249930733027e-06,2.06584464045462e-06,0,0,0,0.0009824146111287,5.05421779694682e-08,0,0,0,0.0009824146111287,5.05421779694682e-08,0,0,0,0,0,0,0,0,0,0,0,0,0,0,0,0,0,0,0.00211704726103206,1.00729410085827e-07,0,0,0,0.0163642212793086,8.68315761277655e-07,0,0,0,0.00261827540468938,1.38930521804425e-07,0,0,0,7.94716186952643e-10,4.9932690051913e-07,0,0,0,7.94472546042912e-10,3.98870195029999e-07,0
30,0,0,0.00292783153360767,8.05467821721545e-06,0,0,0,0.00292783153360767,8.05467821721545e-06,0,0,0,0,0,0,0,0,1.13939276732676e-06,2.76471674254605e-09,0,0,0,1.96915055249072e-06,2.56503704403009e-06,0,0,0,0.000776953725895574,5.57938053767916e-08,0,0,0,0.000776953725895574,5.57938053767916e-08,0,0,0,0,0,0,0,0,0,0,0,0,0,0,0,0,0,0,0.00148823702168111,9.31069218998532e-08,0,0,0,0.0134913146238668,9.9493755583548e-07,0,0,0,0.00215861033981869,1.59190008933677e-07,0,0,0,7.23660725950983e-10,6.19984664786042e-07,0,0,0,7.23438868940263e-10,4.95253518089484e-07,0
31,0,0,0.00201702668841623,7.78799583393383e-06,0,0,0,0.00201702668841623,7.78799583393383e-06,0,0,0,0,0,0,0,0,8.00967710916723e-07,2.72752941109988e-09,0,0,0,1.35657710229976e-06,2.48011121910445e-06,0,0,0,0.000515605514025775,5.16103886451596e-08,0,0,0,0.000515605514025775,5.16103886451596e-08,0,0,0,0,0,0,0,0,0,0,0,0,0,0,0,0,0,0,0.0010461974437087,9.18545701064252e-08,0,0,0,0.00905794884778979,9.33758369795594e-07,0,0,0,0.00144927181564637,1.49401339167295e-07,0,0,0,4.9854063693454e-10,5.99457589272359e-07,0,0,0,4.98387796340232e-10,4.78856166765079e-07,0
32,0,0,0.000699783335818456,4.00069612207866e-06,0,0,0,0.000699783335818456,4.00069612207866e-06,0,0,0,0,0,0,0,0,4.72092754180498e-07,2.67268417360442e-09,0,0,0,4.7064823454947e-07,1.27403398103555e-06,0,0,0,0.000323944237354287,4.55619560119432e-08,0,0,0,0.000323944237354287,4.55619560119432e-08,0,0,0,0,0,0,0,0,0,0,0,0,0,0,0,0,0,0,0.000735453476346292,9.00075558480165e-08,0,0,0,0.00488340315077483,7.08314796687023e-07,0,0,0,0.000781344504123973,1.13330367469924e-07,0,0,0,1.72962723774886e-10,3.07941568523048e-07,0,0,0,1.72909697554882e-10,2.45988576555623e-07,0
33,0,0,0.00077366487014983,6.0574018661077e-06,0,0,0,0.00077366487014983,6.0574018661077e-06,0,0,0,0,0,0,0,0,3.36780021860836e-07,2.63822293660271e-09,0,0,0,5.20338205600578e-07,1.92899824898463e-06,0,0,0,0.000260261950594908,5.15662314598008e-08,0,0,0,0.000260261950594908,5.15662314598008e-08,0,0,0,0,0,0,0,0,0,0,0,0,0,0,0,0,0,0,0.000517007395805154,8.88470103018365e-08,0,0,0,0.00422469781492589,8.63682388986807e-07,0,0,0,0.000675951650388142,1.38189182237889e-07,0,0,0,1.91223735091591e-10,4.66250316171094e-07,0,0,0,1.91165110483781e-10,3.72448098331201e-07,0
34,0,0,0.00167269710431934,1.96458057369302e-05,0,0,0,0.00167269710431934,1.96458057369302e-05,0,0,0,0,0,0,0,0,2.74196701027595e-07,3.01122623750477e-09,0,0,0,1.1249938356465e-06,6.25626724197875e-06,0,0,0,0.000301007951813593,4.41227624013603e-07,0,0,0,0.000301007951813593,4.41227624013603e-07,0,0,0,0,0,0,0,0,0,0,0,0,0,0,0,0,0,0,0.000363444671776042,4.49362878422416e-06,0,0,0,0.00599400358216389,1.11100588005937e-05,0,0,0,0.000959040573146223,1.777609408095e-06,0,0,0,4.13434033657089e-10,1.51217689345175e-06,0,0,0,4.13307284704786e-10,1.20795072683622e-06,0
35,0,0,0.00123139026343586,2.19891162380598e-05,0,0,0,0.00123139026343586,2.19891162380598e-05,0,0,0,0,0,0,0,0,1.89944332840812e-07,3.36653454216558e-09,0,0,0,8.28187274350653e-07,7.00250167605153e-06,0,0,0,0.000206269363322793,4.59978658378616e-07,0,0,0,0.000206269363322793,4.59978658378616e-07,0,0,0,0,0,0,0,0,0,0,0,0,0,0,0,0,0,0,0.000255493500700669,4.50567128025967e-06,0,0,0,0.00422863537065043,1.15771500726321e-05,0,0,0,0.00067658165930407,1.85234401162113e-06,0,0,0,3.04357939225057e-10,1.69254618150442e-06,0,0,0,3.04264630385481e-10,1.35203255585082e-06,0
36,0,0,0.000216030119905668,6.36453335464455e-06,0,0,0,0.000216030119905668,6.36453335464455e-06,0,0,0,0,0,0,0,0,1.1529050385883e-07,3.32891992484874e-09,0,0,0,1.45293820728378e-07,2.02680521584786e-06,0,0,0,7.68474814146113e-05,5.56821961438771e-08,0,0,0,7.68474814146113e-05,5.56821961438771e-08,0,0,0,0,0,0,0,0,0,0,0,0,0,0,0,0,0,0,0.000179606234372056,1.18985646579916e-07,0,0,0,0.00122984485268004,9.25669403738169e-07,0,0,0,0.000196775176428806,1.48107104598107e-07,0,0,0,5.33953240149651e-11,4.89890840079147e-07,0,0,0,5.33789542901098e-11,3.91332521285408e-07,0
37,0,0,0.00020537283681027,7.93716994114252e-06,0,0,0,0.00020537283681027,7.93716994114252e-06,0,0,0,0,0,0,0,0,8.3775379866805e-08,3.28414367514601e-09,0,0,0,1.38126128648262e-07,2.5276161722114e-06,0,0,0,6.17618380369089e-05,6.22664209062114e-08,0,0,0,6.17618380369089e-05,6.22664209062114e-08,0,0,0,0,0,0,0,0,0,0,0,0,0,0,0,0,0,0,0.000126259178166348,1.11103282938413e-07,0,0,0,0.00103343586375777,1.0676652867726e-06,0,0,0,0.000165349738201243,1.70826445883617e-07,0,0,0,5.07612048271108e-11,6.10939818153317e-07,0,0,0,5.07456426599797e-11,4.88028352097705e-07,0
38,0,0,0.000107909700616261,6.19702383447913e-06,0,0,0,0.000107909700616261,6.19702383447913e-06,0,0,0,0,0,0,0,0,5.69739904446892e-08,3.23996969613202e-09,0,0,0,7.25760495945574e-08,1.97346129410885e-06,0,0,0,4.23035509136553e-05,5.98606598776118e-08,0,0,0,4.23035509136553e-05,5.98606598776118e-08,0,0,0,0,0,0,0,0,0,0,0,0,0,0,0,0,0,0,8.87573871083953e-05,1.09111939319489e-07,0,0,0,0.000661287947830483,9.68830206447251e-07,0,0,0,0.000105806071652877,1.5501283303156e-07,0,0,0,2.66716207502876e-11,4.7699729785343e-07,0,0,0,2.66634438714845e-11,3.81032956617748e-07,0
39,0,0,0.000107828984921659,8.51230844783447e-06,0,0,0,0.000107828984921659,8.51230844783447e-06,0,0,0,0,0,0,0,0,4.00514449598808e-08,3.19638988735385e-09,0,0,0,7.25217632215896e-08,2.71077079804859e-06,0,0,0,2.95224730861171e-05,5.88607243415342e-08,0,0,0,2.95224730861171e-05,5.88607243415342e-08,0,0,0,0,0,0,0,0,0,0,0,0,0,0,0,0,0,0,6.23944641547587e-05,1.07644309095467e-07,0,0,0,0.000507756013921282,1.05019406142006e-06,0,0,0,8.12409622274052e-05,1.68031049827209e-07,0,0,0,2.66516705661732e-11,6.55209377366103e-07,0,0,0,2.66434998036177e-11,5.23391573463783e-07,0
40,0,0,6.51851849534966e-05,7.31853407335536e-06,0,0,0,6.51851849534966e-05,7.31853407335536e-06,0,0,0,0,0,0,0,0,2.85717719446073e-08,3.15517605799616e-09,0,0,0,4.3841130028142e-08,2.33060967799191e-06,0,0,0,2.07183614688312e-05,5.83684183035274e-08,0,0,0,2.07183614688312e-05,5.83684183035274e-08,0,0,0,0,0,0,0,0,0,0,0,0,0,0,0,0,0,0,4.38619171202623e-05,1.0625635758056e-07,0,0,0,0.000341446474381602,9.96392180742026e-07,0,0,0,5.46314359010563e-05,1.59422748918724e-07,0,0,0,1.61115684844651e-11,5.63322180207846e-07,0,0,0,1.61066290642454e-11,4.49990632690976e-07,0
41,0,0,0.00015213923484954,2.33213249915186e-05,0,0,0,0.00015213923484954,2.33213249915186e-05,0,0,0,0,0,0,0,0,2.36064409367741e-08,3.51056021512741e-09,0,0,0,1.02323188653666e-07,7.42674764973914e-06,0,0,0,2.5535924269775e-05,4.67047148575046e-07,0,0,0,2.5535924269775e-05,4.67047148575046e-07,0,0,0,0,0,0,0,0,0,0,0,0,0,0,0,0,0,0,3.08339497666482e-05,4.51053531031796e-06,0,0,0,0.000523081113981434,1.17026766431908e-05,0,0,0,8.36929782370295e-05,1.87242826291053e-06,0,0,0,3.76036625991196e-11,1.79508894921832e-06,0,0,0,3.75921342186546e-11,1.43394533426199e-06,0
42,0,0,0.000101323938907635,2.47503304043129e-05,0,0,0,0.000101323938907635,2.47503304043129e-05,0,0,0,0,0,0,0,0,1.635289431885e-08,3.87046471227835e-09,0,0,0,6.8146711308439e-08,7.88181881721331e-06,0,0,0,1.78261425109225e-05,4.78587473756294e-07,0,0,0,1.78261425109225e-05,4.78587473756294e-07,0,0,0,0,0,0,0,0,0,0,0,0,0,0,0,0,0,0,2.1675579195625e-05,4.52269018622978e-06,0,0,0,0.000358209347312297,1.19042239491717e-05,0,0,0,5.73134955699675e-05,1.90467583186747e-06,0,0,0,2.50438436585053e-11,1.90508234907074e-06,0,0,0,2.50361658170918e-11,1.52180979501012e-06,0
43,0,0,1.46797841179599e-05,5.7300556395759e-06,0,0,0,1.46797841179599e-05,5.7300556395759e-06,0,0,0,0,0,0,0,0,9.63844461217136e-09,3.82419408170559e-09,0,0,0,9.87307660106609e-09,1.82475383665256e-06,0,0,0,7.01001247422423e-06,6.83496490959516e-08,0,0,0,7.01001247422423e-06,6.83496490959516e-08,0,0,0,0,0,0,0,0,0,0,0,0,0,0,0,0,0,0,1.52374488841519e-05,1.35635659167727e-07,0,0,0,0.000105015980416321,1.05167154763654e-06,0,0,0,1.68025568666114e-05,1.68267447621847e-07,0,0,0,3.6283451112765e-12,4.41053823517728e-07,0,0,0,3.62723274774567e-12,3.52320743028951e-07,0
44,0,0,1.73332184917082e-05,9.21217767785349e-06,0,0,0,1.73332184917082e-05,9.21217767785349e-06,0,0,0,0,0,0,0,0,8.20078010098375e-09,3.80053183708798e-09,0,0,0,1.16576778334417e-08,2.93364630623943e-06,0,0,0,5.19401680567888e-06,7.06213205970896e-08,0,0,0,5.19401680567888e-06,7.06213205970896e-08,0,0,0,0,0,0,0,0,0,0,0,0,0,0,0,0,0,0,1.07115868232027e-05,1.27989900551412e-07,0,0,0,8.70010934957165e-05,1.21952703911642e-06,0,0,0,1.39201749593146e-05,1.95124326258627e-07,0,0,0,4.28418415909356e-12,7.09079709397494e-07,0,0,0,4.2828707310508e-12,5.6642404341754e-07,0
45,0,0,1.04991798511214e-05,7.72750775764783e-06,0,0,0,1.04991798511214e-05,7.72750775764783e-06,0,0,0,0,0,0,0,0,4.83356421430647e-09,3.72411063687448e-09,0,0,0,7.06135772062681e-09,2.4608486052282e-06,0,0,0,3.56971145353553e-06,6.82224145925475e-08,0,0,0,3.56971145353553e-06,6.82224145925475e-08,0,0,0,0,0,0,0,0,0,0,0,0,0,0,0,0,0,0,7.5300067054102e-06,1.2577679223908e-07,0,0,0,5.77743239727427e-05,1.13036284659248e-06,0,0,0,9.24389183563883e-06,1.80858055454797e-07,0,0,0,2.59504142425516e-12,5.94801701266855e-07,0,0,0,2.59424584683548e-12,4.75136970072767e-07,0
46,0,0,7.13747381184529e-06,7.76148733533598e-06,0,0,0,7.13747381184529e-06,7.76148733533598e-06,0,0,0,0,0,0,0,0,3.39788787090989e-09,3.67401880125716e-09,0,0,0,4.80039931896799e-09,2.47166950622016e-06,0,0,0,2.3586337890942e-06,6.34958798618315e-08,0,0,0,2.3586337890942e-06,6.34958798618315e-08,0,0,0,0,0,0,0,0,0,0,0,0,0,0,0,0,0,0,5.29342682082369e-06,1.23729341351562e-07,0,0,0,3.84622215636232e-05,1.07535499369993e-06,0,0,0,6.15395545017971e-06,1.72056798991988e-07,0,0,0,1.76414162524292e-12,5.97417177206978e-07,0,0,0,1.76360078176002e-12,4.77226253460561e-07,0
47,0,0,4.70468343379558e-06,7.11695180702943e-06,0,0,0,4.70468343379558e-06,7.11695180702943e-06,0,0,0,0,0,0,0,0,2.38863941211405e-09,3.62460073509521e-09,0,0,0,3.16419502850875e-09,2.26641518547445e-06,0,0,0,1.73589833437692e-06,6.56186962725911e-08,0,0,0,1.73589833437692e-06,6.56186962725911e-08,0,0,0,0,0,0,0,0,0,0,0,0,0,0,0,0,0,0,3.72116102994746e-06,1.22065097070886e-07,0,0,0,2.75285397190747e-05,1.07503283510973e-06,0,0,0,4.40456635505196e-06,1.72005253617557e-07,0,0,0,1.1628382951648e-12,5.47805990678663e-07,0,0,0,1.16248179685162e-12,4.37596056037499e-07,0
48,0,0,1.2426841918086e-05,2.6072599864206e-05,0,0,0,1.2426841918086e-05,2.6072599864206e-05,0,0,0,0,0,0,0,0,1.9447621718393e-09,3.9758940204872e-09,0,0,0,8.35783150356387e-09,8.30289959230454e-06,0,0,0,2.11130881901059e-06,4.36758272421839e-07,0,0,0,2.11130881901059e-06,4.36758272421839e-07,0,0,0,0,0,0,0,0,0,0,0,0,0,0,0,0,0,0,2.61589323504524e-06,4.52622591698926e-06,0,0,0,4.30292543223154e-05,1.08663503808366e-05,0,0,0,6.88468069157047e-06,1.73861606093386e-06,0,0,0,3.07149415548485e-12,2.00686006951356e-06,0,0,0,3.07055250909264e-12,1.60311144160783e-06,0
49,0,0,8.93990820802067e-06,2.9106230894179e-05,0,0,0,8.93990820802067e-06,2.9106230894179e-05,0,0,0,0,0,0,0,0,1.38734822965691e-09,4.32934977989819e-09,0,0,0,6.01264962992889e-09,9.26896872131933e-06,0,0,0,1.51246298321317e-06,4.93519760531893e-07,0,0,0,1.51246298321317e-06,4.93519760531893e-07,0,0,0,0,0,0,0,0,0,0,0,0,0,0,0,0,0,0,1.83891461887422e-06,4.53816974350788e-06,0,0,0,3.0881703110669e-05,1.2273322093589e-05,0,0,0,4.94107249770705e-06,1.96373153497424e-06,0,0,0,2.20964232043083e-12,2.24036470700267e-06,0,0,0,2.2089648971268e-12,1.78963862489969e-06,0
50,0,0,2.23270208445138e-06,1.12916047690004e-05,0,0,0,2.23270208445138e-06,1.12916047690004e-05,0,0,0,0,0,0,0,0,9.07226880156665e-10,4.27879750220624e-09,0,0,0,1.50163234895119e-09,3.59584625703963e-06,0,0,0,6.32032573757109e-07,8.16032000290412e-08,0,0,0,6.32032573757109e-07,8.16032000290412e-08,0,0,0,0,0,0,0,0,0,0,0,0,0,0,0,0,0,0,1.29271597563913e-06,1.50779852887293e-07,0,0,0,1.07632757766862e-05,1.43566046147925e-06,0,0,0,1.72212412426979e-06,2.2970567383668e-07,0,0,0,5.51848285230904e-13,8.69137364499872e-07,0,0,0,5.51679101791011e-13,6.94280620021675e-07,0
51,0,0,1.28669379156622e-06,9.30634113811609e-06,0,0,0,1.28669379156622e-06,9.30634113811609e-06,0,0,0,0,0,0,0,0,5.9196254900916e-10,4.22362725241564e-09,0,0,0,8.65382369670358e-10,2.9636329496849e-06,0,0,0,4.32665715735504e-07,7.87952927464393e-08,0,0,0,4.32665715735504e-07,7.87952927464393e-08,0,0,0,0,0,0,0,0,0,0,0,0,0,0,0,0,0,0,9.087505077836e-07,1.42238416928371e-07,0,0,0,7.02394625970429e-06,1.32168141999143e-06,0,0,0,1.12383140155269e-06,2.11469027198629e-07,0,0,0,3.18027097048885e-13,7.16327658945773e-07,0,0,0,3.1792959757358e-13,5.7221381970815e-07,0
52,0,0,7.46328248940506e-07,7.62031976270749e-06,0,0,0,7.46328248940506e-07,7.62031976270749e-06,0,0,0,0,0,0,0,0,4.10070329135634e-10,4.16446611980165e-09,0,0,0,5.01952611299925e-10,2.426714258668e-06,0,0,0,3.00070979232235e-07,7.6063646036035e-08,0,0,0,3.00070979232235e-07,7.6063646036035e-08,0,0,0,0,0,0,0,0,0,0,0,0,0,0,0,0,0,0,6.38831344981757e-07,1.40286192970564e-07,0,0,0,4.66359059082394e-06,1.22087318154265e-06,0,0,0,7.4617449453183e-07,1.95339709046823e-07,0,0,0,1.8446704881292e-13,5.86551227278938e-07,0,0,0,1.84410495642963e-13,4.68546361465002e-07,0
53,0,0,4.54829253160896e-07,6.55933110964968e-06,0,0,0,4.54829253160896e-07,6.55933110964968e-06,0,0,0,0,0,0,0,0,2.88270298233727e-10,4.1084512017051e-09,0,0,0,3.05901232659767e-10,2.08883915987483e-06,0,0,0,2.0419613038457e-07,7.21552532976663e-08,0,0,0,2.0419613038457e-07,7.21552532976663e-08,0,0,0,0,0,0,0,0,0,0,0,0,0,0,0,0,0,0,4.49084191794897e-07,1.38359651558686e-07,0,0,0,3.09801821493704e-06,1.13109467852837e-06,0,0,0,4.95682914389927e-07,1.80975148564539e-07,0,0,0,1.12418376449614e-13,5.04884812225644e-07,0,0,0,1.12383911673436e-13,4.03309942466061e-07,0
54,0,0,4.66628372219097e-07,9.33963454409947e-06,0,0,0,4.66628372219097e-07,9.33963454409947e-06,0,0,0,0,0,0,0,0,2.02647592228688e-10,4.05318972257507e-09,0,0,0,3.13836881123711e-10,2.9742353371877e-06,0,0,0,1.46036285750594e-07,7.28849550377606e-08,0,0,0,1.46036285750594e-07,7.28849550377606e-08,0,0,0,0,0,0,0,0,0,0,0,0,0,0,0,0,0,0,3.15696173809123e-07,1.36498619597573e-07,0,0,0,2.4165999092245e-06,1.25179713364585e-06,0,0,0,3.86655985475919e-07,2.00287541383335e-07,0,0,0,1.15334718788723e-13,7.18890318879732e-07,0,0,0,1.15299359931976e-13,5.74260912838104e-07,0
55,0,0,1.04208950034065e-06,2.97797693077062e-05,0,0,0,1.04208950034065e-06,2.97797693077062e-05,0,0,0,0,0,0,0,0,1.67430582401415e-10,4.41404840044285e-09,0,0,0,7.00870624482985e-10,9.48345910003888e-06,0,0,0,1.82165099445008e-07,4.91969462276933e-07,0,0,0,1.82165099445008e-07,4.91969462276933e-07,0,0,0,0,0,0,0,0,0,0,0,0,0,0,0,0,0,0,2.21927371256118e-07,4.54103161149569e-06,0,0,0,3.66995760833769e-06,1.22139594210011e-05,0,0,0,5.8719321733403e-07,1.95423350736017e-06,0,0,0,2.5756920631058e-13,2.29220830351515e-06,0,0,0,2.57490241773586e-13,1.83105210658973e-06,0
56,0,0,7.97219271396276e-07,3.36268500436248e-05,0,0,0,7.97219271396276e-07,3.36268500436248e-05,0,0,0,0,0,0,0,0,1.17699966305873e-10,4.74443351664099e-09,0,0,0,5.3618001948079e-10,1.07085737890298e-05,0,0,0,1.27239516765523e-07,5.05318640303129e-07,0,0,0,1.27239516765523e-07,5.05318640303129e-07,0,0,0,0,0,0,0,0,0,0,0,0,0,0,0,0,0,0,1.56009993781013e-07,4.55219567125115e-06,0,0,0,2.66211888217155e-06,1.26022197060082e-05,0,0,0,4.25939021147448e-07,2.01635515296131e-06,0,0,0,1.97045584781262e-13,2.58832578904866e-06,0,0,0,1.96985175334062e-13,2.06759541936487e-06,0
57,0,0,1.84436904216651e-07,1.23244605476572e-05,0,0,0,1.84436904216651e-07,1.23244605476572e-05,0,0,0,0,0,0,0,0,7.14403436871366e-11,4.69140683170637e-09,0,0,0,1.24045399357518e-10,3.92476235547953e-06,0,0,0,5.54812199518019e-08,9.33337017321714e-08,0,0,0,5.54812199518019e-08,9.33337017321714e-08,0,0,0,0,0,0,0,0,0,0,0,0,0,0,0,0,0,0,1.09671547145317e-07,1.64502091125436e-07,0,0,0,9.28368344341136e-07,1.61812563917635e-06,0,0,0,1.48538935094582e-07,2.58900102268216e-07,0,0,0,4.55865518440922e-14,9.48638336038903e-07,0,0,0,4.55725761013741e-14,7.5778724862486e-07,0
58,0,0,1.30365443308307e-07,1.17898721310323e-05,0,0,0,1.30365443308307e-07,1.17898721310323e-05,0,0,0,0,0,0,0,0,5.02209687397285e-11,4.62830420158431e-09,0,0,0,8.76789466093138e-11,3.75452103050374e-06,0,0,0,3.84662280198804e-08,8.98426246676255e-08,0,0,0,3.84662280198804e-08,8.98426246676255e-08,0,0,0,0,0,0,0,0,0,0,0,0,0,0,0,0,0,0,7.70966523473536e-08,1.56008472782594e-07,0,0,0,6.47142259149194e-07,1.55422750200272e-06,0,0,0,1.03542761463871e-07,2.48676400320435e-07,0,0,0,3.22219192807059e-14,9.0748999822308e-07,0,0,0,3.22120408135805e-14,7.24917308085519e-07,0
59,0,0,9.31393627125246e-08,1.1821350817936e-05,0,0,0,9.31393627125246e-08,1.1821350817936e-05,0,0,0,0,0,0,0,0,3.53042212702975e-11,4.5660503439902e-09,0,0,0,6.26420698864494e-11,3.7645455151359e-06,0,0,0,2.71539614119126e-08,8.90584081671798e-08,0,0,0,2.71539614119126e-08,8.90584081671798e-08,0,0,0,0,0,0,0,0,0,0,0,0,0,0,0,0,0,0,5.41972276117606e-08,1.53867027330359e-07,0,0,0,4.58406596312186e-07,1.54603412314255e-06,0,0,0,7.33450554099497e-08,2.47365459702808e-07,0,0,0,2.30208938121879e-14,9.09912975606113e-07,0,0,0,2.30138361586466e-14,7.26852820593094e-07,0
60,0,0,6.60588218642915e-08,1.22440649216603e-05,0,0,0,6.60588218642915e-08,1.22440649216603e-05,0,0,0,0,0,0,0,0,2.48180803911126e-11,4.50463384336671e-09,0,0,0,4.44287057085802e-11,3.899160121188e-06,0,0,0,1.92116742664527e-08,8.87313678694816e-08,0,0,0,1.92116742664527e-08,8.87313678694816e-08,0,0,0,0,0,0,0,0,0,0,0,0,0,0,0,0,0,0,3.80994426005297e-08,1.51701830779691e-07,0,0,0,3.24600762418242e-07,1.55977955993262e-06,0,0,0,5.19361219869188e-08,2.49564729589219e-07,0,0,0,1.63275019197828e-14,9.4245012418366e-07,0,0,0,1.63224962995543e-14,7.52844007499614e-07,0
61,0,0,3.8571069366629e-08,9.83315758119187e-06,0,0,0,3.8571069366629e-08,9.83315758119187e-06,0,0,0,0,0,0,0,0,1.71922335484448e-11,4.44153659915974e-09,0,0,0,2.59414661265935e-11,3.13139926578743e-06,0,0,0,1.27069078754958e-08,8.14959104632368e-08,0,0,0,1.27069078754958e-08,8.14959104632368e-08,0,0,0,0,0,0,0,0,0,0,0,0,0,0,0,0,0,0,2.67830586625076e-08,1.49588131027861e-07,0,0,0,2.07375999453695e-07,1.37491230801942e-06,0,0,0,3.31801599125913e-08,2.19985969283107e-07,0,0,0,9.53346110872948e-15,7.56877772439571e-07,0,0,0,9.53053837835661e-15,6.04605889234034e-07,0
62,0,0,9.25861653382233e-08,3.27903750833801e-05,0,0,0,9.25861653382233e-08,3.27903750833801e-05,0,0,0,0,0,0,0,0,1.39974268551697e-11,4.78093254198171e-09,0,0,0,6.22700099155332e-11,1.04421957660263e-05,0,0,0,1.53966240935164e-08,5.06825099643537e-07,0,0,0,1.53966240935164e-08,5.06825099643537e-07,0,0,0,0,0,0,0,0,0,0,0,0,0,0,0,0,0,0,1.8827893070261e-08,4.55342901014642e-06,0,0,0,3.16598041027796e-07,1.25857026000383e-05,0,0,0,5.06556865644474e-08,2.01371241600613e-06,0,0,0,2.28841621700542e-14,2.52394064120739e-06,0,0,0,2.28771464351528e-14,2.01616354888127e-06,0
63,0,0,6.13604936336064e-08,3.40534062985935e-05,0,0,0,6.13604936336064e-08,3.40534062985935e-05,0,0,0,0,0,0,0,0,9.98543968433194e-12,5.13956480892231e-09,0,0,0,4.12687849532229e-11,1.08444119399591e-05,0,0,0,1.09929975044062e-08,5.13285069284428e-07,0,0,0,1.09929975044062e-08,5.13285069284428e-07,0,0,0,0,0,0,0,0,0,0,0,0,0,0,0,0,0,0,1.32355890315626e-08,4.56556058401399e-06,0,0,0,2.19292100117484e-07,1.25810913446249e-05,0,0,0,3.50867360187974e-08,2.01297461513998e-06,0,0,0,1.51662344154384e-14,2.62115867567893e-06,0,0,0,1.51615848119562e-14,2.09382284648727e-06,0
64,0,0,1.25101945527515e-08,1.03269758303758e-05,0,0,0,1.25101945527515e-08,1.03269758303758e-05,0,0,0,0,0,0,0,0,5.97251094111005e-12,5.06185123692785e-09,0,0,0,8.41389138430466e-12,3.2886572055854e-06,0,0,0,4.54669268983101e-09,9.55479596980646e-08,0,0,0,4.54669268983101e-09,9.55479596980646e-08,0,0,0,0,0,0,0,0,0,0,0,0,0,0,0,0,0,0,9.30432398137639e-09,1.70671596973621e-07,0,0,0,7.23639548789345e-08,1.56345973428197e-06,0,0,0,1.15782327806295e-08,2.50153557485116e-07,0,0,0,3.09209610181256e-15,7.94887949063531e-07,0,0,0,3.09114813935806e-15,6.34969017171586e-07,0
65,0,0,1.01127794077976e-08,1.18063869636456e-05,0,0,0,1.01127794077976e-08,1.18063869636456e-05,0,0,0,0,0,0,0,0,4.19854202528396e-12,4.99376587513915e-09,0,0,0,6.80147915940505e-12,3.75978022972768e-06,0,0,0,3.07104190960252e-09,9.13035444289745e-08,0,0,0,3.07104190960252e-09,9.13035444289745e-08,0,0,0,0,0,0,0,0,0,0,0,0,0,0,0,0,0,0,6.54073230469556e-09,1.68175589996769e-07,0,0,0,5.1247326488622e-08,1.57259095825776e-06,0,0,0,8.19957223817953e-09,2.51614553321242e-07,0,0,0,2.49953633042932e-15,9.08761177863737e-07,0,0,0,2.49877003257928e-15,7.2593274640991e-07,0
66,0,0,6.73258614544968e-09,1.1348550002161e-05,0,0,0,6.73258614544968e-09,1.1348550002161e-05,0,0,0,0,0,0,0,0,2.99514250650446e-12,4.92937691700718e-09,0,0,0,4.5280869393697e-12,3.6139806416294e-06,0,0,0,2.11484776268448e-09,8.8483312497296e-08,0,0,0,2.11484776268448e-09,8.8483312497296e-08,0,0,0,0,0,0,0,0,0,0,0,0,0,0,0,0,0,0,4.59798897451544e-09,1.66005835083422e-07,0,0,0,3.49647608728646e-08,1.52060734621991e-06,0,0,0,5.59436173965834e-09,2.43297175395185e-07,0,0,0,1.66406711643694e-15,8.73520552796182e-07,0,0,0,1.66355695339665e-15,6.977819798899e-07,0
67,0,0,5.18400691801719e-09,1.1935574270546e-05,0,0,0,5.18400691801719e-09,1.1935574270546e-05,0,0,0,0,0,0,0,0,2.10551840076431e-12,4.8630734254359e-09,0,0,0,3.48657016961318e-12,3.80092032482294e-06,0,0,0,1.66585400617394e-09,9.74289963901763e-08,0,0,0,1.66585400617394e-09,9.74289963901763e-08,0,0,0,0,0,0,0,0,0,0,0,0,0,0,0,0,0,0,3.23228372984905e-09,1.63772943041984e-07,0,0,0,2.73700177072382e-08,1.65142277406205e-06,0,0,0,4.37920283315811e-09,2.64227643849928e-07,0,0,0,1.28131081538175e-15,9.18704982818237e-07,0,0,0,1.28091799623721e-15,7.33876014472212e-07,0
68,0,0,2.80344264789344e-09,9.06057220656898e-06,0,0,0,2.80344264789344e-09,9.06057220656898e-06,0,0,0,0,0,0,0,0,1.43729435877132e-12,4.79225066806825e-09,0,0,0,1.88549121614699e-12,2.88536707776681e-06,0,0,0,1.09374106994986e-09,8.91382511144743e-08,0,0,0,1.09374106994986e-09,8.91382511144743e-08,0,0,0,0,0,0,0,0,0,0,0,0,0,0,0,0,0,0,2.27222339334729e-09,1.61387856411833e-07,0,0,0,1.71142846832605e-08,1.4353426818253e-06,0,0,0,2.73828554932168e-09,2.29654829092049e-07,0,0,0,6.92916009151901e-16,6.97410333569026e-07,0,0,0,6.92703577733479e-16,5.57102362154744e-07,0
69,0,0,8.41889039999471e-09,3.72619289694895e-05,0,0,0,8.41889039999471e-09,3.72619289694895e-05,0,0,0,0,0,0,0,0,1.22290841011667e-12,5.12645888777819e-09,0,0,0,5.66223243797126e-12,1.1866175849766e-05,0,0,0,1.3271259684867e-09,5.19304184996798e-07,0,0,0,1.3271259684867e-09,5.19304184996798e-07,0,0,0,0,0,0,0,0,0,0,0,0,0,0,0,0,0,0,1.5973223828082e-09,4.56510741466716e-06,0,0,0,2.79150249767878e-08,1.28862257828307e-05,0,0,0,4.46640399628605e-09,2.0617961252529e-06,0,0,0,2.08086437646051e-15,2.86812507196801e-06,0,0,0,2.08022643338343e-15,2.29110349479856e-06,0
70,0,0,5.13677993960184e-09,3.46665986635607e-05,0,0,0,5.13677993960184e-09,3.46665986635607e-05,0,0,0,0,0,0,0,0,8.47145575473756e-13,5.46168149119441e-09,0,0,0,3.45480706112433e-12,1.10396849339685e-05,0,0,0,9.20940282517347e-10,5.29282993948337e-07,0,0,0,9.20940282517347e-10,5.29282993948337e-07,0,0,0,0,0,0,0,0,0,0,0,0,0,0,0,0,0,0,1.12288202035516e-09,4.57652825844435e-06,0,0,0,1.83656822967148e-08,1.28610515685853e-05,0,0,0,2.93850916747436e-09,2.05776825097365e-06,0,0,0,1.26963790691956e-15,2.66835731634356e-06,0,0,0,1.26924866640861e-15,2.13152586426476e-06,0
71,0,0,8.65174696543456e-10,9.1713405257793e-06,0,0,0,8.65174696543456e-10,9.1713405257793e-06,0,0,0,0,0,0,0,0,5.06696387758362e-13,5.403009058766e-09,0,0,0,5.81884309989755e-13,2.92064158959922e-06,0,0,0,3.72735456881199e-10,9.98930002567824e-08,0,0,0,3.72735456881199e-10,9.98930002567824e-08,0,0,0,0,0,0,0,0,0,0,0,0,0,0,0,0,0,0,7.89361023928186e-10,1.96183363657318e-07,0,0,0,5.70390832640993e-09,1.56880043389229e-06,0,0,0,9.12625332225588e-10,2.51008069422766e-07,0,0,0,2.13841862753486e-16,7.05936392264672e-07,0,0,0,2.1377630397057e-16,5.6391311216888e-07,0
72,0,0,8.27462123516553e-10,1.21152086282452e-05,0,0,0,8.27462123516553e-10,1.21152086282452e-05,0,0,0,0,0,0,0,0,3.56196263018928e-13,5.33033489190445e-09,0,0,0,5.5652023655884e-13,3.85812543835489e-06,0,0,0,2.56093767957191e-10,9.51046889009226e-08,0,0,0,2.56093767957191e-10,9.51046889009226e-08,0,0,0,0,0,0,0,0,0,0,0,0,0,0,0,0,0,0,5.54903199803548e-10,1.79508832435183e-07,0,0,0,4.25046062085785e-09,1.63004333345975e-06,0,0,0,6.80073699337256e-10,2.6080693335356e-07,0,0,0,2.04520592844045e-16,9.32531797998039e-07,0,0,0,2.04457891738774e-16,7.44921092279311e-07,0
