"daynum","ind.derm.exp1","ind.derm.exp2","ind.derm.exp3","ind.derm.exp4","ind.derm.exp5","ind.derm.pr.exp1","ind.derm.pr.exp2","ind.derm.pr.exp3","ind.derm.pr.exp4","ind.derm.pr.exp5","ind.derm.ar.exp1","ind.derm.ar.exp2","ind.derm.ar.exp3","ind.derm.ar.exp4","ind.derm.ar.exp5","ind.derm.max1","ind.derm.max2","ind.derm.max3","ind.derm.max4","ind.derm.max5","ind.derm.abs1","ind.derm.abs2","ind.derm.abs3","ind.derm.abs4","ind.derm.abs5","ind.inhal.exp1","ind.inhal.exp2","ind.inhal.exp3","ind.inhal.exp4","ind.inhal.exp5","ind.inhal.pr.exp1","ind.inhal.pr.exp2","ind.inhal.pr.exp3","ind.inhal.pr.exp4","ind.inhal.pr.exp5","ind.inhal.ar.exp1","ind.inhal.ar.exp2","ind.inhal.ar.exp3","ind.inhal.ar.exp4","ind.inhal.ar.exp5","ind.inhal.amb.in1","ind.inhal.amb.in2","ind.inhal.amb.in3","ind.inhal.amb.in4","ind.inhal.amb.in5","ind.inhal.amb.out1","ind.inhal.amb.out2","ind.inhal.amb.out3","ind.inhal.amb.out4","ind.inhal.amb.out5","ind.inhal.max1","ind.inhal.max2","ind.inhal.max3","ind.inhal.max4","ind.inhal.max5","ind.inhal.mass1","ind.inhal.mass2","ind.inhal.mass3","ind.inhal.mass4","ind.inhal.mass5","ind.inhal.abs1","ind.inhal.abs2","ind.inhal.abs3","ind.inhal.abs4","ind.inhal.abs5","ind.ingest.exp1","ind.ingest.exp2","ind.ingest.exp3","ind.ingest.exp4","ind.ingest.exp5","ind.ingest.abs1","ind.ingest.abs2","ind.ingest.abs3","ind.ingest.abs4","ind.ingest.abs5"
1,0,0,0,0,0,0,0,0,0,0,0,0,0,0,0,0,0,0,0,0,0,0,0,0,0,0,0,0,0,0,0,0,0,0,0,0,0,0,0,0,0,0,0,0,0,0,0,0,0,0,0,0,0,0,0,0,0,0,0,0,0,0,0,0,0,0,0,0,0,0,0,0,0,0,0
2,0,0,0,0,0,0,0,0,0,0,0,0,0,0,0,0,0,0,0,0,0,0,0,0,0,0,0,0,0,0,0,0,0,0,0,0,0,0,0,0,0,0,0,0,0,0,0,0,0,0,0,0,0,0,0,0,0,0,0,0,0,0,0,0,0,0,0,0,0,0,0,0,0,0,0
3,0,0,0,0,0,0,0,0,0,0,0,0,0,0,0,0,0,0,0,0,0,0,0,0,0,0,0,0,0,0,0,0,0,0,0,0,0,0,0,0,0,0,0,0,0,0,0,0,0,0,0,0,0,0,0,0,0,0,0,0,0,0,0,0,0,0,0,0,0,0,0,0,0,0,0
4,0,0,0,0,0,0,0,0,0,0,0,0,0,0,0,0,0,0,0,0,0,0,0,0,0,0,0,0,0,0,0,0,0,0,0,0,0,0,0,0,0,0,0,0,0,0,0,0,0,0,0,0,0,0,0,0,0,0,0,0,0,0,0,0,0,0,0,0,0,0,0,0,0,0,0
5,0,0,0,0,0,0,0,0,0,0,0,0,0,0,0,0,0,0,0,0,0,0,0,0,0,0,0,0,0,0,0,0,0,0,0,0,0,0,0,0,0,0,0,0,0,0,0,0,0,0,0,0,0,0,0,0,0,0,0,0,0,0,0,0,0,0,0,0,0,0,0,0,0,0,0
6,0,0,0,0,0,0,0,0,0,0,0,0,0,0,0,0,0,0,0,0,0,0,0,0,0,0,0,0,0,0,0,0,0,0,0,0,0,0,0,0,0,0,0,0,0,0,0,0,0,0,0,0,0,0,0,0,0,0,0,0,0,0,0,0,0,0,0,0,0,0,0,0,0,0,0
7,0,0,0,0,0,0,0,0,0,0,0,0,0,0,0,0,0,0,0,0,0,0,0,0,0,0,0,0,0,0,0,0,0,0,0,0,0,0,0,0,0,0,0,0,0,0,0,0,0,0,0,0,0,0,0,0,0,0,0,0,0,0,0,0,0,0,0,0,0,0,0,0,0,0,0
8,0,0,0,0,0,0,0,0,0,0,0,0,0,0,0,0,0,0,0,0,0,0,0,0,0,0,0,0,0,0,0,0,0,0,0,0,0,0,0,0,0,0,0,0,0,0,0,0,0,0,0,0,0,0,0,0,0,0,0,0,0,0,0,0,0,0,0,0,0,0,0,0,0,0,0
9,0,0,0,0,0,0,0,0,0,0,0,0,0,0,0,0,0,0,0,0,0,0,0,0,0,0,0,0,0,0,0,0,0,0,0,0,0,0,0,0,0,0,0,0,0,0,0,0,0,0,0,0,0,0,0,0,0,0,0,0,0,0,0,0,0,0,0,0,0,0,0,0,0,0,0
10,0,0,0,0,0,0,0,0,0,0,0,0,0,0,0,0,0,0,0,0,0,0,0,0,0,0,0,0,0,0,0,0,0,0,0,0,0,0,0,0,0,0,0,0,0,0,0,0,0,0,0,0,0,0,0,0,0,0,0,0,0,0,0,0,0,0,0,0,0,0,0,0,0,0,0
11,0,0,0,0,0,0,0,0,0,0,0,0,0,0,0,0,0,0,0,0,0,0,0,0,0,0,0,0,0,0,0,0,0,0,0,0,0,0,0,0,0,0,0,0,0,0,0,0,0,0,0,0,0,0,0,0,0,0,0,0,0,0,0,0,0,0,0,0,0,0,0,0,0,0,0
12,0,0,0,0,0,0,0,0,0,0,0,0,0,0,0,0,0,0,0,0,0,0,0,0,0,0,0,0,0,0,0,0,0,0,0,0,0,0,0,0,0,0,0,0,0,0,0,0,0,0,0,0,0,0,0,0,0,0,0,0,0,0,0,0,0,0,0,0,0,0,0,0,0,0,0
13,0,0,0,0,0,0,0,0,0,0,0,0,0,0,0,0,0,0,0,0,0,0,0,0,0,0,0,0,0,0,0,0,0,0,0,0,0,0,0,0,0,0,0,0,0,0,0,0,0,0,0,0,0,0,0,0,0,0,0,0,0,0,0,0,0,0,0,0,0,0,0,0,0,0,0
14,0,0,0,0,0,0,0,0,0,0,0,0,0,0,0,0,0,0,0,0,0,0,0,0,0,0,0,0,0,0,0,0,0,0,0,0,0,0,0,0,0,0,0,0,0,0,0,0,0,0,0,0,0,0,0,0,0,0,0,0,0,0,0,0,0,0,0,0,0,0,0,0,0,0,0
15,0,0,0,0,0,0,0,0,0,0,0,0,0,0,0,0,0,0,0,0,0,0,0,0,0,0,0,0,0,0,0,0,0,0,0,0,0,0,0,0,0,0,0,0,0,0,0,0,0,0,0,0,0,0,0,0,0,0,0,0,0,0,0,0,0,0,0,0,0,0,0,0,0,0,0
16,0,0,0,0,0,0,0,0,0,0,0,0,0,0,0,0,0,0,0,0,0,0,0,0,0,0,0,0,0,0,0,0,0,0,0,0,0,0,0,0,0,0,0,0,0,0,0,0,0,0,0,0,0,0,0,0,0,0,0,0,0,0,0,0,0,0,0,0,0,0,0,0,0,0,0
17,0,0,0,0,0,0,0,0,0,0,0,0,0,0,0,0,0,0,0,0,0,0,0,0,0,0,0,0,0,0,0,0,0,0,0,0,0,0,0,0,0,0,0,0,0,0,0,0,0,0,0,0,0,0,0,0,0,0,0,0,0,0,0,0,0,0,0,0,0,0,0,0,0,0,0
18,0,0,0,0,0,0,0,0,0,0,0,0,0,0,0,0,0,0,0,0,0,0,0,0,0,0,0,0,0,0,0,0,0,0,0,0,0,0,0,0,0,0,0,0,0,0,0,0,0,0,0,0,0,0,0,0,0,0,0,0,0,0,0,0,0,0,0,0,0,0,0,0,0,0,0
19,0,0,0,0,0,0,0,0,0,0,0,0,0,0,0,0,0,0,0,0,0,0,0,0,0,0,0,0,0,0,0,0,0,0,0,0,0,0,0,0,0,0,0,0,0,0,0,0,0,0,0,0,0,0,0,0,0,0,0,0,0,0,0,0,0,0,0,0,0,0,0,0,0,0,0
20,0,0,0,0,0,0,0,0,0,0,0,0,0,0,0,0,0,0,0,0,0,0,0,0,0,0,0,0,0,0,0,0,0,0,0,0,0,0,0,0,0,0,0,0,0,0,0,0,0,0,0,0,0,0,0,0,0,0,0,0,0,0,0,0,0,0,0,0,0,0,0,0,0,0,0
21,0,0,0,0,0,0,0,0,0,0,0,0,0,0,0,0,0,0,0,0,0,0,0,0,0,0,0,0,0,0,0,0,0,0,0,0,0,0,0,0,0,0,0,0,0,0,0,0,0,0,0,0,0,0,0,0,0,0,0,0,0,0,0,0,0,0,0,0,0,0,0,0,0,0,0
22,0,0,0,0,0,0,0,0,0,0,0,0,0,0,0,0,0,0,0,0,0,0,0,0,0,0,0,0,0,0,0,0,0,0,0,0,0,0,0,0,0,0,0,0,0,0,0,0,0,0,0,0,0,0,0,0,0,0,0,0,0,0,0,0,0,0,0,0,0,0,0,0,0,0,0
23,0,0,0,0,0,0,0,0,0,0,0,0,0,0,0,0,0,0,0,0,0,0,0,0,0,0,0,0,0,0,0,0,0,0,0,0,0,0,0,0,0,0,0,0,0,0,0,0,0,0,0,0,0,0,0,0,0,0,0,0,0,0,0,0,0,0,0,0,0,0,0,0,0,0,0
24,0,0,122.87126625053,0,0,0,0,122.87126625053,0,0,0,0,0,0,0,0,0,0.0380819749571759,0,0,0,0,0.0822314778009354,0,0,0,0,81.7258798133319,0,0,0,0,81.7258798133319,0,0,0,0,0,0,0,0,0,0,0,0,0,0,0,0,0,0,0,1170.4381344146,0,0,0,0,2157.56322707196,0,0,0,0,345.210116331514,0,0,0,0,6.51938464445526e-05,0,0,0,0,6.5173859575885e-05,0,0
25,0,0,57.966641704771,0,0,0,0,57.966641704771,0,0,0,0,0,0,0,0,0,0.0166811728769323,0,0,0,0,0.038794119699406,0,0,0,0,7.39465206376425,0,0,0,0,7.39465206376425,0,0,0,0,0,0,0,0,0,0,0,0,0,0,0,0,0,0,0,17.3964445505895,0,0,0,0,125.522416940632,0,0,0,0,20.0835867105011,0,0,0,0,3.07563228859533e-05,0,0,0,0,3.07468937355082e-05,0,0
26,0,0,32.1331311663933,0,0,0,0,32.1331311663933,0,0,0,0,0,0,0,0,0,0.00976721043662818,0,0,0,0,0.0215050673995347,0,0,0,0,3.42955221487516,0,0,0,0,3.42955221487516,0,0,0,0,0,0,0,0,0,0,0,0,0,0,0,0,0,0,0,7.09488336917681,0,0,0,0,61.4104086362699,0,0,0,0,9.82566538180318,0,0,0,0,1.70494085637005e-05,0,0,0,0,1.70441816242207e-05,0,0
27,0,0,27.6918482892106,0,0,0,0,27.6918482892106,0,0,0,0,0,0,0,0,0,0.00465771588160807,0,0,0,0,0.0185327430680016,0,0,0,0,2.10638459911532,0,0,0,0,2.10638459911532,0,0,0,0,0,0,0,0,0,0,0,0,0,0,0,0,0,0,0,3.08714062128227,0,0,0,0,42.7515372322639,0,0,0,0,6.84024595716222,0,0,0,0,1.46929234167053e-05,0,0,0,0,1.46884189190159e-05,0,0
28,0,0,12.1582385986295,0,0,0,0,12.1582385986295,0,0,0,0,0,0,0,0,0,0.00203604269543794,0,0,0,0,0.00813688959128279,0,0,0,0,0.921430549146059,0,0,0,0,0.921430549146059,0,0,0,0,0,0,0,0,0,0,0,0,0,0,0,0,0,0,0,1.34990778933327,0,0,0,0,18.7292560176479,0,0,0,0,2.99668096282366,0,0,0,0,6.45099838573416e-06,0,0,0,0,6.44902066445305e-06,0,0
29,0,0,2.29577100943216,0,0,0,0,2.29577100943216,0,0,0,0,0,0,0,0,0,0.000630458573365143,0,0,0,0,0.00153644255942823,0,0,0,0,0.262851652630686,0,0,0,0,0.262851652630686,0,0,0,0,0,0,0,0,0,0,0,0,0,0,0,0,0,0,0,0.594270465255207,0,0,0,0,4.59981885847098,0,0,0,0,0.735971017355356,0,0,0,0,1.21810531646678e-06,0,0,0,0,1.21773187461128e-06,0,0
30,0,0,0.925249291218108,0,0,0,0,0.925249291218108,0,0,0,0,0,0,0,0,0,0.000316126206964169,0,0,0,0,0.000619222206077044,0,0,0,0,0.113406883506664,0,0,0,0,0.113406883506664,0,0,0,0,0,0,0,0,0,0,0,0,0,0,0,0,0,0,0,0.260570006073048,0,0,0,0,1.94415241547416,0,0,0,0,0.311064386475866,0,0,0,0,4.90924868403431e-07,0,0,0,0,4.90774362620976e-07,0,0
31,0,0,0.409831593189968,0,0,0,0,0.409831593189968,0,0,0,0,0,0,0,0,0,0.000186742284893467,0,0,0,0,0.000274279403036407,0,0,0,0,0.0487691357016975,0,0,0,0,0.0487691357016975,0,0,0,0,0,0,0,0,0,0,0,0,0,0,0,0,0,0,0,0.114355374904861,0,0,0,0,0.843381455868212,0,0,0,0,0.134941032938914,0,0,0,0,2.17451148424523e-07,0,0,0,0,2.17384483121244e-07,0,0
32,0,0,0.155248760653423,0,0,0,0,0.155248760653423,0,0,0,0,0,0,0,0,0,5.08772696058555e-05,0,0,0,0,0.000103900085063538,0,0,0,0,0.0220198269599698,0,0,0,0,0.0220198269599698,0,0,0,0,0,0,0,0,0,0,0,0,0,0,0,0,0,0,0,0.0492293602927691,0,0,0,0,0.362009151646261,0,0,0,0,0.0579214642634018,0,0,0,0,8.2372910865177e-08,0,0,0,0,8.23476573076556e-08,0,0
33,0,0,0.0833899360940856,0,0,0,0,0.0833899360940856,0,0,0,0,0,0,0,0,0,2.32902164078947e-05,0,0,0,0,5.58086352325895e-05,0,0,0,0,0.0102226356231933,0,0,0,0,0.0102226356231933,0,0,0,0,0,0,0,0,0,0,0,0,0,0,0,0,0,0,0,0.0215197925276992,0,0,0,0,0.175226109880735,0,0,0,0,0.0280361775809176,0,0,0,0,4.42455820195913e-08,0,0,0,0,4.42320173860381e-08,0,0
34,0,0,0.0923039175823165,0,0,0,0,0.0923039175823165,0,0,0,0,0,0,0,0,0,1.49746115069259e-05,0,0,0,0,6.17743088455954e-05,0,0,0,0,0.00644361325399741,0,0,0,0,0.00644361325399741,0,0,0,0,0,0,0,0,0,0,0,0,0,0,0,0,0,0,0,0.00954628371475378,0,0,0,0,0.135557598373308,0,0,0,0,0.0216892157397293,0,0,0,0,4.89752210807563e-08,0,0,0,0,4.89602064533783e-08,0,0
35,0,0,0.0370262026960117,0,0,0,0,0.0370262026960117,0,0,0,0,0,0,0,0,0,6.20989266815369e-06,0,0,0,0,2.47797508560053e-05,0,0,0,0,0.00281413087892321,0,0,0,0,0.00281413087892321,0,0,0,0,0,0,0,0,0,0,0,0,0,0,0,0,0,0,0,0.00411338900018171,0,0,0,0,0.0571344451036682,0,0,0,0,0.00914151121658691,0,0,0,0,1.9645606712206e-08,0,0,0,0,1.96395838406826e-08,0,0
36,0,0,0.00886262244461754,0,0,0,0,0.00886262244461754,0,0,0,0,0,0,0,0,0,2.86143140449945e-06,0,0,0,0,5.93130162202992e-06,0,0,0,0,0.00085755085138955,0,0,0,0,0.00085755085138955,0,0,0,0,0,0,0,0,0,0,0,0,0,0,0,0,0,0,0,0.00182415657361289,0,0,0,0,0.0158734565616259,0,0,0,0,0.00253975304986015,0,0,0,0,4.70238864123327e-09,0,0,0,0,4.70094700173319e-09,0,0
37,0,0,0.0022242216460626,0,0,0,0,0.0022242216460626,0,0,0,0,0,0,0,0,0,8.12069565040487e-07,0,0,0,0,1.48855821620352e-06,0,0,0,0,0.000332756916008487,0,0,0,0,0.000332756916008487,0,0,0,0,0,0,0,0,0,0,0,0,0,0,0,0,0,0,0,0.000785766718809325,0,0,0,0,0.00539528790388701,0,0,0,0,0.000863246064621921,0,0,0,0,1.18014218357931e-09,0,0,0,0,1.17978038030924e-09,0,0
38,0,0,0.0011960889199806,0,0,0,0,0.0011960889199806,0,0,0,0,0,0,0,0,0,5.92342945621071e-07,0,0,0,0,8.00481369425985e-07,0,0,0,0,0.000146692833275641,0,0,0,0,0.000146692833275641,0,0,0,0,0,0,0,0,0,0,0,0,0,0,0,0,0,0,0,0.000348993663822392,0,0,0,0,0.0025146170377006,0,0,0,0,0.000402338726032095,0,0,0,0,6.34628744073103e-10,0,0,0,0,6.3443418213126e-10,0,0
39,0,0,0.00057988435905501,0,0,0,0,0.00057988435905501,0,0,0,0,0,0,0,0,0,1.66253138292382e-07,0,0,0,0,3.88087054474675e-07,0,0,0,0,6.94184344187788e-05,0,0,0,0,6.94184344187788e-05,0,0,0,0,0,0,0,0,0,0,0,0,0,0,0,0,0,0,0,0.000151213766332804,0,0,0,0,0.00119866144795453,0,0,0,0,0.000191785831672725,0,0,0,0,3.07678865966493e-10,0,0,0,0,3.07584539010481e-10,0,0
40,0,0,0.000199602490871418,0,0,0,0,0.000199602490871418,0,0,0,0,0,0,0,0,0,6.78320429008224e-08,0,0,0,0,1.33583776728057e-07,0,0,0,0,2.71383066670742e-05,0,0,0,0,2.71383066670742e-05,0,0,0,0,0,0,0,0,0,0,0,0,0,0,0,0,0,0,0,6.61815463110331e-05,0,0,0,0,0.000451396957730133,0,0,0,0,7.22235132368213e-05,0,0,0,0,1.05906405434845e-10,0,0,0,0,1.05873937072693e-10,0,0
41,0,0,0.000255423876814878,0,0,0,0,0.000255423876814878,0,0,0,0,0,0,0,0,0,4.18593999051585e-08,0,0,0,0,1.70942186054349e-07,0,0,0,0,1.96791907899686e-05,0,0,0,0,1.96791907899686e-05,0,0,0,0,0,0,0,0,0,0,0,0,0,0,0,0,0,0,0,2.88151187561421e-05,0,0,0,0,0.000397251769498463,0,0,0,0,6.3560283119754e-05,0,0,0,0,1.35524484376913e-10,0,0,0,0,1.35482935822591e-10,0,0
42,0,0,0.000108488706520091,0,0,0,0,0.000108488706520091,0,0,0,0,0,0,0,0,0,1.8298137451632e-08,0,0,0,0,7.26059634127075e-08,0,0,0,0,8.6312314568805e-06,0,0,0,0,8.6312314568805e-06,0,0,0,0,0,0,0,0,0,0,0,0,0,0,0,0,0,0,0,1.25418923324718e-05,0,0,0,0,0.000172030743488995,0,0,0,0,2.75249189582392e-05,0,0,0,0,5.75626530894355e-11,0,0,0,0,5.75450057615019e-11,0,0
43,0,0,2.73913872226419e-05,0,0,0,0,2.73913872226419e-05,0,0,0,0,0,0,0,0,0,1.07273222380866e-08,0,0,0,0,1.83316597856399e-08,0,0,0,0,2.58221493243027e-06,0,0,0,0,2.58221493243027e-06,0,0,0,0,0,0,0,0,0,0,0,0,0,0,0,0,0,0,0,5.58224425620675e-06,0,0,0,0,4.82611361418867e-05,0,0,0,0,7.72178178270187e-06,0,0,0,0,1.45335028032926e-11,0,0,0,0,1.45290471801372e-11,0,0
44,0,0,1.03588015895251e-05,0,0,0,0,1.03588015895251e-05,0,0,0,0,0,0,0,0,0,2.65362341072195e-09,0,0,0,0,6.93261808840238e-09,0,0,0,0,1.16217914314315e-06,0,0,0,0,1.16217914314315e-06,0,0,0,0,0,0,0,0,0,0,0,0,0,0,0,0,0,0,0,2.41431399888019e-06,0,0,0,0,2.0471963828188e-05,0,0,0,0,3.27551421251007e-06,0,0,0,0,5.49624123511606e-12,0,0,0,0,5.49455621946317e-12,0,0
45,0,0,3.49409172190855e-06,0,0,0,0,3.49409172190855e-06,0,0,0,0,0,0,0,0,0,1.12067260630087e-09,0,0,0,0,2.33841755385438e-09,0,0,0,0,4.63157862143255e-07,0,0,0,0,4.63157862143255e-07,0,0,0,0,0,0,0,0,0,0,0,0,0,0,0,0,0,0,0,1.05246900692416e-06,0,0,0,0,7.76041670940495e-06,0,0,0,0,1.24166667350479e-06,0,0,0,0,1.85391821971482e-12,0,0,0,0,1.85334985288269e-12,0,0
46,0,0,1.52910747396917e-06,0,0,0,0,1.52910747396917e-06,0,0,0,0,0,0,0,0,0,5.92305253563721e-10,0,0,0,0,1.02335371920526e-09,0,0,0,0,1.89311843132155e-07,0,0,0,0,1.89311843132155e-07,0,0,0,0,0,0,0,0,0,0,0,0,0,0,0,0,0,0,0,4.63459102953938e-07,0,0,0,0,3.23506121995272e-06,0,0,0,0,5.17609795192435e-07,0,0,0,0,8.11323923787866e-13,0,0,0,0,8.11075191344607e-13,0,0
47,0,0,8.74444461191245e-07,0,0,0,0,8.74444461191245e-07,0,0,0,0,0,0,0,0,0,2.65555228475807e-10,0,0,0,0,5.85221122015486e-10,0,0,0,0,9.17416683282687e-08,0,0,0,0,9.17416683282687e-08,0,0,0,0,0,0,0,0,0,0,0,0,0,0,0,0,0,0,0,2.02655147735912e-07,0,0,0,0,1.65188067078591e-06,0,0,0,0,2.64300907325746e-07,0,0,0,0,4.63968506769951e-13,0,0,0,0,4.6382626516102e-13,0,0
48,0,0,8.05591460276558e-07,0,0,0,0,8.05591460276558e-07,0,0,0,0,0,0,0,0,0,1.32149228622519e-10,0,0,0,0,5.3914131679317e-10,0,0,0,0,6.00192149144187e-08,0,0,0,0,6.00192149144187e-08,0,0,0,0,0,0,0,0,0,0,0,0,0,0,0,0,0,0,0,8.77776219755421e-08,0,0,0,0,1.22848081114531e-06,0,0,0,0,1.96556929783249e-07,0,0,0,0,4.27436027648867e-13,0,0,0,0,4.27304986021254e-13,0,0
49,0,0,3.37199510868962e-07,0,0,0,0,3.37199510868962e-07,0,0,0,0,0,0,0,0,0,5.58089817351874e-11,0,0,0,0,2.25670451185634e-10,0,0,0,0,2.62779155654497e-08,0,0,0,0,2.62779155654497e-08,0,0,0,0,0,0,0,0,0,0,0,0,0,0,0,0,0,0,0,3.83705212144698e-08,0,0,0,0,5.28026326691557e-07,0,0,0,0,8.44842122706491e-08,0,0,0,0,1.78913539378247e-13,0,0,0,0,1.78858688780999e-13,0,0
50,0,0,6.70353282548142e-08,0,0,0,0,6.70353282548142e-08,0,0,0,0,0,0,0,0,0,2.35683502823138e-11,0,0,0,0,4.48633295275444e-11,0,0,0,0,7.92886195473695e-09,0,0,0,0,7.92886195473695e-09,0,0,0,0,0,0,0,0,0,0,0,0,0,0,0,0,0,0,0,1.67214590198019e-08,0,0,0,0,1.37444820596748e-07,0,0,0,0,2.19911712954797e-08,0,0,0,0,3.55680463786681e-14,0,0,0,0,3.55571420692815e-14,0,0
51,0,0,2.8011466417855e-08,0,0,0,0,2.8011466417855e-08,0,0,0,0,0,0,0,0,0,7.81919567841668e-12,0,0,0,0,1.87466471958944e-11,0,0,0,0,3.38629002087095e-09,0,0,0,0,3.38629002087095e-09,0,0,0,0,0,0,0,0,0,0,0,0,0,0,0,0,0,0,0,7.37263094520847e-09,0,0,0,0,5.82737844630323e-08,0,0,0,0,9.32380551408516e-09,0,0,0,0,1.48625085104021e-14,0,0,0,0,1.4857952021993e-14,0,0
52,0,0,1.09674128557378e-08,0,0,0,0,1.09674128557378e-08,0,0,0,0,0,0,0,0,0,3.70879088999967e-12,0,0,0,0,7.33993059810601e-12,0,0,0,0,1.38335242063721e-09,0,0,0,0,1.38335242063721e-09,0,0,0,0,0,0,0,0,0,0,0,0,0,0,0,0,0,0,0,3.22972091532035e-09,0,0,0,0,2.35056211937539e-08,0,0,0,0,3.76089939100063e-09,0,0,0,0,5.81916221285705e-15,0,0,0,0,5.81737819738248e-15,0,0
53,0,0,6.57522752999569e-09,0,0,0,0,6.57522752999569e-09,0,0,0,0,0,0,0,0,0,2.10927920148399e-12,0,0,0,0,4.40046475606828e-12,0,0,0,0,6.52742191368976e-10,0,0,0,0,6.52742191368976e-10,0,0,0,0,0,0,0,0,0,0,0,0,0,0,0,0,0,0,0,1.4105261739184e-09,0,0,0,0,1.19739674498146e-08,0,0,0,0,1.91583479197033e-09,0,0,0,0,3.4887275683682e-15,0,0,0,0,3.4876580082252e-15,0,0
54,0,0,2.58288566624354e-09,0,0,0,0,2.58288566624354e-09,0,0,0,0,0,0,0,0,0,6.91527127241491e-13,0,0,0,0,1.72859376978337e-12,0,0,0,0,2.87468007969292e-10,0,0,0,0,2.87468007969292e-10,0,0,0,0,0,0,0,0,0,0,0,0,0,0,0,0,0,0,0,6.10561926690613e-10,0,0,0,0,5.07825533073014e-09,0,0,0,0,8.12520852916823e-10,0,0,0,0,1.37044450380759e-15,0,0,0,0,1.37002435841339e-15,0,0
55,0,0,2.45774367006412e-09,0,0,0,0,2.45774367006412e-09,0,0,0,0,0,0,0,0,0,3.89392358077733e-13,0,0,0,0,1.64484260814229e-12,0,0,0,0,1.83273273562792e-10,0,0,0,0,1.83273273562792e-10,0,0,0,0,0,0,0,0,0,0,0,0,0,0,0,0,0,0,0,2.69037216984121e-10,0,0,0,0,3.74954962442246e-09,0,0,0,0,5.99927939907593e-10,0,0,0,0,1.30404583850816e-15,0,0,0,0,1.30364604935117e-15,0,0
56,0,0,1.05497087708136e-09,0,0,0,0,1.05497087708136e-09,0,0,0,0,0,0,0,0,0,1.76187759576658e-13,0,0,0,0,7.06038253748156e-13,0,0,0,0,8.03399559480781e-11,0,0,0,0,8.03399559480781e-11,0,0,0,0,0,0,0,0,0,0,0,0,0,0,0,0,0,0,0,1.17065365959454e-10,0,0,0,0,1.62965160046318e-09,0,0,0,0,2.60744256074108e-10,0,0,0,0,5.59753402587077e-16,0,0,0,0,5.59581795627926e-16,0,0
57,0,0,1.92803139638009e-10,0,0,0,0,1.92803139638009e-10,0,0,0,0,0,0,0,0,0,5.45563625929801e-14,0,0,0,0,1.29033317397143e-13,0,0,0,0,2.38033535432394e-11,0,0,0,0,2.38033535432394e-11,0,0,0,0,0,0,0,0,0,0,0,0,0,0,0,0,0,0,0,5.10001415984868e-11,0,0,0,0,4.072330721106e-10,0,0,0,0,6.51572915376961e-11,0,0,0,0,1.02298760834442e-16,0,0,0,0,1.0226739848954e-16,0,0
58,0,0,7.4610233430725e-11,0,0,0,0,7.4610233430725e-11,0,0,0,0,0,0,0,0,0,2.38484026013092e-14,0,0,0,0,4.99328275951156e-14,0,0,0,0,1.0257456176674e-11,0,0,0,0,1.0257456176674e-11,0,0,0,0,0,0,0,0,0,0,0,0,0,0,0,0,0,0,0,2.23076120253996e-11,0,0,0,0,1.70171277993513e-10,0,0,0,0,2.72274044789621e-11,0,0,0,0,3.95871895025248e-17,0,0,0,0,3.95750530203158e-17,0,0
59,0,0,4.15192870813832e-11,0,0,0,0,4.15192870813832e-11,0,0,0,0,0,0,0,0,0,1.90683681356221e-14,0,0,0,0,2.77867432975095e-14,0,0,0,0,4.43211038769221e-12,0,0,0,0,4.43211038769221e-12,0,0,0,0,0,0,0,0,0,0,0,0,0,0,0,0,0,0,0,9.92272685930791e-12,0,0,0,0,7.93910869183161e-11,0,0,0,0,1.27025739069306e-11,0,0,0,0,2.20295770449042e-17,0,0,0,0,2.20228233052921e-17,0,0
60,0,0,1.7427689413284e-11,0,0,0,0,1.7427689413284e-11,0,0,0,0,0,0,0,0,0,5.79240954504986e-15,0,0,0,0,1.1663464525449e-14,0,0,0,0,1.89509395288184e-12,0,0,0,0,1.89509395288184e-12,0,0,0,0,0,0,0,0,0,0,0,0,0,0,0,0,0,0,0,4.31390397570058e-12,0,0,0,0,3.37182236127424e-11,0,0,0,0,5.39491577803878e-12,0,0,0,0,9.24689833647817e-18,0,0,0,0,9.24406345937376e-18,0,0
61,0,0,8.904818339945e-12,0,0,0,0,8.904818339945e-12,0,0,0,0,0,0,0,0,0,3.39665924903927e-15,0,0,0,0,5.95954118475108e-15,0,0,0,0,8.55700490307602e-13,0,0,0,0,8.55700490307602e-13,0,0,0,0,0,0,0,0,0,0,0,0,0,0,0,0,0,0,0,1.89379199746247e-12,0,0,0,0,1.58823464246061e-11,0,0,0,0,2.54117542793698e-12,0,0,0,0,4.72477721754174e-18,0,0,0,0,4.7233287142415e-18,0,0
62,0,0,7.69020490097288e-12,0,0,0,0,7.69020490097288e-12,0,0,0,0,0,0,0,0,0,1.22930333134409e-15,0,0,0,0,5.14666229865006e-15,0,0,0,0,5.57139772946497e-13,0,0,0,0,5.57139772946497e-13,0,0,0,0,0,0,0,0,0,0,0,0,0,0,0,0,0,0,0,8.18298932616454e-13,0,0,0,0,1.15355886846157e-11,0,0,0,0,1.84569418953851e-12,0,0,0,0,4.08031961206397e-18,0,0,0,0,4.07906868399859e-18,0,0
63,0,0,3.48521330675568e-12,0,0,0,0,3.48521330675568e-12,0,0,0,0,0,0,0,0,0,5.37369417087876e-16,0,0,0,0,2.33247568297741e-15,0,0,0,0,2.4325890497248e-13,0,0,0,0,2.4325890497248e-13,0,0,0,0,0,0,0,0,0,0,0,0,0,0,0,0,0,0,0,3.59900718121763e-13,0,0,0,0,5.11725811146209e-12,0,0,0,0,8.18761297833934e-13,0,0,0,0,1.84920745167434e-18,0,0,0,0,1.84864052905063e-18,0,0
64,0,0,6.34921701202239e-13,0,0,0,0,6.34921701202239e-13,0,0,0,0,0,0,0,0,0,2.579294656731e-16,0,0,0,0,4.24920743237793e-16,0,0,0,0,6.78305476705818e-14,0,0,0,0,6.78305476705818e-14,0,0,0,0,0,0,0,0,0,0,0,0,0,0,0,0,0,0,0,1.57948269524947e-13,0,0,0,0,1.21405469147287e-12,0,0,0,0,1.9424875063566e-13,0,0,0,0,3.36880941782549e-19,0,0,0,0,3.36777662170941e-19,0,0
65,0,0,2.72583849126872e-13,0,0,0,0,2.72583849126872e-13,0,0,0,0,0,0,0,0,0,1.02683513703286e-16,0,0,0,0,1.82426481164983e-16,0,0,0,0,3.17249294959112e-14,0,0,0,0,3.17249294959112e-14,0,0,0,0,0,0,0,0,0,0,0,0,0,0,0,0,0,0,0,6.81426638206016e-14,0,0,0,0,5.52564320073707e-13,0,0,0,0,8.84102912117931e-14,0,0,0,0,1.44629335608933e-19,0,0,0,0,1.44584995725739e-19,0,0
66,0,0,9.10935693035705e-15,0,0,0,0,9.10935693035705e-15,0,0,0,0,0,0,0,0,0,1.87289025625097e-17,0,0,0,0,6.09642844139096e-18,0,0,0,0,9.34872515058155e-15,0,0,0,0,9.34872515058155e-15,0,0,0,0,0,0,0,0,0,0,0,0,0,0,0,0,0,0,0,2.98974364690784e-14,0,0,0,0,1.17865214736103e-13,0,0,0,0,1.88584343577766e-14,0,0,0,0,4.83330265121083e-21,0,0,0,0,4.83182087661723e-21,0,0
67,0,0,0,0,0,0,0,0,0,0,0,0,0,0,0,0,0,0,0,0,0,0,0,0,0,0,0,0,0,0,0,0,0,0,0,0,0,0,0,0,0,0,0,0,0,0,0,0,0,0,0,0,0,0,0,0,0,0,0,0,0,0,0,0,0,0,0,0,0,0,0,0,0,0,0
68,0,0,0,0,0,0,0,0,0,0,0,0,0,0,0,0,0,0,0,0,0,0,0,0,0,0,0,0,0,0,0,0,0,0,0,0,0,0,0,0,0,0,0,0,0,0,0,0,0,0,0,0,0,0,0,0,0,0,0,0,0,0,0,0,0,0,0,0,0,0,0,0,0,0,0
69,0,0,0,0,0,0,0,0,0,0,0,0,0,0,0,0,0,0,0,0,0,0,0,0,0,0,0,0,0,0,0,0,0,0,0,0,0,0,0,0,0,0,0,0,0,0,0,0,0,0,0,0,0,0,0,0,0,0,0,0,0,0,0,0,0,0,0,0,0,0,0,0,0,0,0
70,0,0,0,0,0,0,0,0,0,0,0,0,0,0,0,0,0,0,0,0,0,0,0,0,0,0,0,0,0,0,0,0,0,0,0,0,0,0,0,0,0,0,0,0,0,0,0,0,0,0,0,0,0,0,0,0,0,0,0,0,0,0,0,0,0,0,0,0,0,0,0,0,0,0,0
71,0,0,0,0,0,0,0,0,0,0,0,0,0,0,0,0,0,0,0,0,0,0,0,0,0,0,0,0,0,0,0,0,0,0,0,0,0,0,0,0,0,0,0,0,0,0,0,0,0,0,0,0,0,0,0,0,0,0,0,0,0,0,0,0,0,0,0,0,0,0,0,0,0,0,0
72,0,0,0,0,0,0,0,0,0,0,0,0,0,0,0,0,0,0,0,0,0,0,0,0,0,0,0,0,0,0,0,0,0,0,0,0,0,0,0,0,0,0,0,0,0,0,0,0,0,0,0,0,0,0,0,0,0,0,0,0,0,0,0,0,0,0,0,0,0,0,0,0,0,0,0
73,0,0,0,0,0,0,0,0,0,0,0,0,0,0,0,0,0,0,0,0,0,0,0,0,0,0,0,0,0,0,0,0,0,0,0,0,0,0,0,0,0,0,0,0,0,0,0,0,0,0,0,0,0,0,0,0,0,0,0,0,0,0,0,0,0,0,0,0,0,0,0,0,0,0,0
74,0,0,0,0,0,0,0,0,0,0,0,0,0,0,0,0,0,0,0,0,0,0,0,0,0,0,0,0,0,0,0,0,0,0,0,0,0,0,0,0,0,0,0,0,0,0,0,0,0,0,0,0,0,0,0,0,0,0,0,0,0,0,0,0,0,0,0,0,0,0,0,0,0,0,0
75,0,0,0,0,0,0,0,0,0,0,0,0,0,0,0,0,0,0,0,0,0,0,0,0,0,0,0,0,0,0,0,0,0,0,0,0,0,0,0,0,0,0,0,0,0,0,0,0,0,0,0,0,0,0,0,0,0,0,0,0,0,0,0,0,0,0,0,0,0,0,0,0,0,0,0
76,0,0,0,0,0,0,0,0,0,0,0,0,0,0,0,0,0,0,0,0,0,0,0,0,0,0,0,0,0,0,0,0,0,0,0,0,0,0,0,0,0,0,0,0,0,0,0,0,0,0,0,0,0,0,0,0,0,0,0,0,0,0,0,0,0,0,0,0,0,0,0,0,0,0,0
77,0,0,0,0,0,0,0,0,0,0,0,0,0,0,0,0,0,0,0,0,0,0,0,0,0,0,0,0,0,0,0,0,0,0,0,0,0,0,0,0,0,0,0,0,0,0,0,0,0,0,0,0,0,0,0,0,0,0,0,0,0,0,0,0,0,0,0,0,0,0,0,0,0,0,0
78,0,0,0,0,0,0,0,0,0,0,0,0,0,0,0,0,0,0,0,0,0,0,0,0,0,0,0,0,0,0,0,0,0,0,0,0,0,0,0,0,0,0,0,0,0,0,0,0,0,0,0,0,0,0,0,0,0,0,0,0,0,0,0,0,0,0,0,0,0,0,0,0,0,0,0
79,0,0,0,0,0,0,0,0,0,0,0,0,0,0,0,0,0,0,0,0,0,0,0,0,0,0,0,0,0,0,0,0,0,0,0,0,0,0,0,0,0,0,0,0,0,0,0,0,0,0,0,0,0,0,0,0,0,0,0,0,0,0,0,0,0,0,0,0,0,0,0,0,0,0,0
80,0,0,0,0,0,0,0,0,0,0,0,0,0,0,0,0,0,0,0,0,0,0,0,0,0,0,0,0,0,0,0,0,0,0,0,0,0,0,0,0,0,0,0,0,0,0,0,0,0,0,0,0,0,0,0,0,0,0,0,0,0,0,0,0,0,0,0,0,0,0,0,0,0,0,0
81,0,0,0,0,0,0,0,0,0,0,0,0,0,0,0,0,0,0,0,0,0,0,0,0,0,0,0,0,0,0,0,0,0,0,0,0,0,0,0,0,0,0,0,0,0,0,0,0,0,0,0,0,0,0,0,0,0,0,0,0,0,0,0,0,0,0,0,0,0,0,0,0,0,0,0
82,0,0,0,0,0,0,0,0,0,0,0,0,0,0,0,0,0,0,0,0,0,0,0,0,0,0,0,0,0,0,0,0,0,0,0,0,0,0,0,0,0,0,0,0,0,0,0,0,0,0,0,0,0,0,0,0,0,0,0,0,0,0,0,0,0,0,0,0,0,0,0,0,0,0,0
83,0,0,0,0,0,0,0,0,0,0,0,0,0,0,0,0,0,0,0,0,0,0,0,0,0,0,0,0,0,0,0,0,0,0,0,0,0,0,0,0,0,0,0,0,0,0,0,0,0,0,0,0,0,0,0,0,0,0,0,0,0,0,0,0,0,0,0,0,0,0,0,0,0,0,0
84,0,0,0,0,0,0,0,0,0,0,0,0,0,0,0,0,0,0,0,0,0,0,0,0,0,0,0,0,0,0,0,0,0,0,0,0,0,0,0,0,0,0,0,0,0,0,0,0,0,0,0,0,0,0,0,0,0,0,0,0,0,0,0,0,0,0,0,0,0,0,0,0,0,0,0
85,0,0,0,0,0,0,0,0,0,0,0,0,0,0,0,0,0,0,0,0,0,0,0,0,0,0,0,0,0,0,0,0,0,0,0,0,0,0,0,0,0,0,0,0,0,0,0,0,0,0,0,0,0,0,0,0,0,0,0,0,0,0,0,0,0,0,0,0,0,0,0,0,0,0,0
86,0,0,0,0,0,0,0,0,0,0,0,0,0,0,0,0,0,0,0,0,0,0,0,0,0,0,0,0,0,0,0,0,0,0,0,0,0,0,0,0,0,0,0,0,0,0,0,0,0,0,0,0,0,0,0,0,0,0,0,0,0,0,0,0,0,0,0,0,0,0,0,0,0,0,0
87,0,0,0,0,0,0,0,0,0,0,0,0,0,0,0,0,0,0,0,0,0,0,0,0,0,0,0,0,0,0,0,0,0,0,0,0,0,0,0,0,0,0,0,0,0,0,0,0,0,0,0,0,0,0,0,0,0,0,0,0,0,0,0,0,0,0,0,0,0,0,0,0,0,0,0
88,0,0,0,0,0,0,0,0,0,0,0,0,0,0,0,0,0,0,0,0,0,0,0,0,0,0,0,0,0,0,0,0,0,0,0,0,0,0,0,0,0,0,0,0,0,0,0,0,0,0,0,0,0,0,0,0,0,0,0,0,0,0,0,0,0,0,0,0,0,0,0,0,0,0,0
89,0,0,0,0,0,0,0,0,0,0,0,0,0,0,0,0,0,0,0,0,0,0,0,0,0,0,0,0,0,0,0,0,0,0,0,0,0,0,0,0,0,0,0,0,0,0,0,0,0,0,0,0,0,0,0,0,0,0,0,0,0,0,0,0,0,0,0,0,0,0,0,0,0,0,0
90,0,0,0,0,0,0,0,0,0,0,0,0,0,0,0,0,0,0,0,0,0,0,0,0,0,0,0,0,0,0,0,0,0,0,0,0,0,0,0,0,0,0,0,0,0,0,0,0,0,0,0,0,0,0,0,0,0,0,0,0,0,0,0,0,0,0,0,0,0,0,0,0,0,0,0
91,0,0,0,0,0,0,0,0,0,0,0,0,0,0,0,0,0,0,0,0,0,0,0,0,0,0,0,0,0,0,0,0,0,0,0,0,0,0,0,0,0,0,0,0,0,0,0,0,0,0,0,0,0,0,0,0,0,0,0,0,0,0,0,0,0,0,0,0,0,0,0,0,0,0,0
92,0,0,0,0,0,0,0,0,0,0,0,0,0,0,0,0,0,0,0,0,0,0,0,0,0,0,0,0,0,0,0,0,0,0,0,0,0,0,0,0,0,0,0,0,0,0,0,0,0,0,0,0,0,0,0,0,0,0,0,0,0,0,0,0,0,0,0,0,0,0,0,0,0,0,0
93,0,0,0,0,0,0,0,0,0,0,0,0,0,0,0,0,0,0,0,0,0,0,0,0,0,0,0,0,0,0,0,0,0,0,0,0,0,0,0,0,0,0,0,0,0,0,0,0,0,0,0,0,0,0,0,0,0,0,0,0,0,0,0,0,0,0,0,0,0,0,0,0,0,0,0
94,0,0,0,0,0,0,0,0,0,0,0,0,0,0,0,0,0,0,0,0,0,0,0,0,0,0,0,0,0,0,0,0,0,0,0,0,0,0,0,0,0,0,0,0,0,0,0,0,0,0,0,0,0,0,0,0,0,0,0,0,0,0,0,0,0,0,0,0,0,0,0,0,0,0,0
95,0,0,0,0,0,0,0,0,0,0,0,0,0,0,0,0,0,0,0,0,0,0,0,0,0,0,0,0,0,0,0,0,0,0,0,0,0,0,0,0,0,0,0,0,0,0,0,0,0,0,0,0,0,0,0,0,0,0,0,0,0,0,0,0,0,0,0,0,0,0,0,0,0,0,0
96,0,0,113.854594687213,0,0,0,0,113.854594687213,0,0,0,0,0,0,0,0,0,0.0380819749571759,0,0,0,0,0.0761970789530758,0,0,0,0,57.3381601581858,0,0,0,0,57.3381601581858,0,0,0,0,0,0,0,0,0,0,0,0,0,0,0,0,0,0,0,1170.26572538219,0,0,0,0,1513.7274281761,0,0,0,0,242.196388508177,0,0,0,0,6.04097214063903e-05,0,0,0,0,6.03912012356404e-05,0,0
97,0,0,146.939483022426,0,0,0,0,146.939483022426,0,0,0,0,0,0,0,0,0,0.0235489087718306,0,0,0,0,0.0983391089305017,0,0,0,0,11.1604676174323,0,0,0,0,11.1604676174323,0,0,0,0,0,0,0,0,0,0,0,0,0,0,0,0,0,0,0,17.3765338020033,0,0,0,0,226.839690237945,0,0,0,0,36.2943504380712,0,0,0,0,7.79641195629386e-05,0,0,0,0,7.79402176350195e-05,0,0
98,0,0,66.6941277579947,0,0,0,0,66.6941277579947,0,0,0,0,0,0,0,0,0,0.0106551386581398,0,0,0,0,0.0446349814203256,0,0,0,0,4.82776068449363,0,0,0,0,4.82776068449363,0,0,0,0,0,0,0,0,0,0,0,0,0,0,0,0,0,0,0,7.13187822170953,0,0,0,0,100.010154849866,0,0,0,0,16.0016247759786,0,0,0,0,3.53870099697888e-05,0,0,0,0,3.53761611618203e-05,0,0
99,0,0,12.8505175624626,0,0,0,0,12.8505175624626,0,0,0,0,0,0,0,0,0,0.00613717297644582,0,0,0,0,0.00860019662785575,0,0,0,0,1.31478700863542,0,0,0,0,1.31478700863542,0,0,0,0,0,0,0,0,0,0,0,0,0,0,0,0,0,0,0,3.14136331916569,0,0,0,0,23.8827968275573,0,0,0,0,3.82124749240917,0,0,0,0,6.81831232203647e-06,0,0,0,0,6.81622199111803e-06,0,0
100,0,0,4.90222242474149,0,0,0,0,4.90222242474149,0,0,0,0,0,0,0,0,0,0.00210149741048548,0,0,0,0,0.00328080768430787,0,0,0,0,0.584724737402137,0,0,0,0,0.584724737402137,0,0,0,0,0,0,0,0,0,0,0,0,0,0,0,0,0,0,0,1.36778865785647,0,0,0,0,10.1094331178235,0,0,0,0,1.61750929885176,0,0,0,0,2.60105349076485e-06,0,0,0,0,2.60025607018987e-06,0,0
101,0,0,1.91763433312381,0,0,0,0,1.91763433312381,0,0,0,0,0,0,0,0,0,0.000609090931548131,0,0,0,0,0.00128337494929904,0,0,0,0,0.247642197679281,0,0,0,0,0.247642197679281,0,0,0,0,0,0,0,0,0,0,0,0,0,0,0,0,0,0,0,0.591543840954988,0,0,0,0,4.17911184121126,0,0,0,0,0.668657894593801,0,0,0,0,1.01747106598193e-06,0,0,0,0,1.0171591337724e-06,0,0
102,0,0,1.06226641994503,0,0,0,0,1.06226641994503,0,0,0,0,0,0,0,0,0,0.00035015244677566,0,0,0,0,0.000710920788854587,0,0,0,0,0.118700492801141,0,0,0,0,0.118700492801141,0,0,0,0,0,0,0,0,0,0,0,0,0,0,0,0,0,0,0,0.257868370000112,0,0,0,0,2.09388840950273,0,0,0,0,0.335022145520436,0,0,0,0,5.63624319813682e-07,0,0,0,0,5.63451526124211e-07,0,0
103,0,0,0.452556045476013,0,0,0,0,0.452556045476013,0,0,0,0,0,0,0,0,0,0.000120471503399508,0,0,0,0,0.000302872701998213,0,0,0,0,0.0528832859823001,0,0,0,0,0.0528832859823001,0,0,0,0,0,0,0,0,0,0,0,0,0,0,0,0,0,0,0,0.113104930701114,0,0,0,0,0.919793592479034,0,0,0,0,0.147166974796645,0,0,0,0,2.4012016996846e-07,0,0,0,0,2.40046554887232e-07,0,0
104,0,0,0.438193139676098,0,0,0,0,0.438193139676098,0,0,0,0,0,0,0,0,0,7.43434020607175e-05,0,0,0,0,0.000293260340984252,0,0,0,0,0.0336409029946292,0,0,0,0,0.0336409029946292,0,0,0,0,0,0,0,0,0,0,0,0,0,0,0,0,0,0,0,0.0492749111924627,0,0,0,0,0.680238420881617,0,0,0,0,0.108838147341059,0,0,0,0,2.32499404725364e-07,0,0,0,0,2.32428125987861e-07,0,0
105,0,0,0.202022023339512,0,0,0,0,0.202022023339512,0,0,0,0,0,0,0,0,0,3.14147105036719e-05,0,0,0,0,0.000135203046525709,0,0,0,0,0.0147629685040744,0,0,0,0,0.0147629685040744,0,0,0,0,0,0,0,0,0,0,0,0,0,0,0,0,0,0,0,0.0217388224918363,0,0,0,0,0.304614089347259,0,0,0,0,0.0487382542955614,0,0,0,0,1.07190176921914e-07,0,0,0,0,1.07157314986234e-07,0,0
106,0,0,0.0364653286759627,0,0,0,0,0.0364653286759627,0,0,0,0,0,0,0,0,0,1.55985536530478e-05,0,0,0,0,2.44043864527872e-05,0,0,0,0,0.00392989361362736,0,0,0,0,0.00392989361362736,0,0,0,0,0,0,0,0,0,0,0,0,0,0,0,0,0,0,0,0.00955208645961191,0,0,0,0,0.0701201640306093,0,0,0,0,0.0112192262448975,0,0,0,0,1.93480144772301e-08,0,0,0,0,1.93420828403438e-08,0,0
107,0,0,0.0149108760348815,0,0,0,0,0.0149108760348815,0,0,0,0,0,0,0,0,0,4.39885736883445e-06,0,0,0,0,9.97908957131436e-06,0,0,0,0,0.00190318886339155,0,0,0,0,0.00190318886339155,0,0,0,0,0,0,0,0,0,0,0,0,0,0,0,0,0,0,0,0.00411846214615377,0,0,0,0,0.03223510923414,0,0,0,0,0.00515761747746239,0,0,0,0,7.91151090271789e-09,0,0,0,0,7.90908542335138e-09,0,0
108,0,0,0.0066957749217317,0,0,0,0,0.0066957749217317,0,0,0,0,0,0,0,0,0,1.92288702053604e-06,0,0,0,0,4.4811409830658e-06,0,0,0,0,0.000798102796584087,0,0,0,0,0.000798102796584087,0,0,0,0,0,0,0,0,0,0,0,0,0,0,0,0,0,0,0,0.00181417718902218,0,0,0,0,0.0137954423460513,0,0,0,0,0.00220727077536821,0,0,0,0,3.5526883981533e-09,0,0,0,0,3.55159922915494e-09,0,0
109,0,0,0.00316664062710114,0,0,0,0,0.00316664062710114,0,0,0,0,0,0,0,0,0,9.12061311363266e-07,0,0,0,0,2.11927122082446e-06,0,0,0,0,0.000355353196138443,0,0,0,0,0.000355353196138443,0,0,0,0,0,0,0,0,0,0,0,0,0,0,0,0,0,0,0,0.000794249010184747,0,0,0,0,0.00625879344736885,0,0,0,0,0.00100140695157902,0,0,0,0,1.68017705919445e-09,0,0,0,0,1.67966195723235e-09,0,0
110,0,0,0.00119391162224825,0,0,0,0,0.00119391162224825,0,0,0,0,0,0,0,0,0,3.54982645596089e-07,0,0,0,0,7.99024214994301e-07,0,0,0,0,0.000151909206321637,0,0,0,0,0.000151909206321637,0,0,0,0,0,0,0,0,0,0,0,0,0,0,0,0,0,0,0,0.000345179832064254,0,0,0,0,0.00257502479556589,0,0,0,0,0.000412003967290542,0,0,0,0,6.33473499088996e-10,0,0,0,0,6.33279291317539e-10,0,0
111,0,0,0.00125940760757277,0,0,0,0,0.00125940760757277,0,0,0,0,0,0,0,0,0,2.1906107918825e-07,0,0,0,0,8.42857340733254e-07,0,0,0,0,0.000102265957275451,0,0,0,0,0.000102265957275451,0,0,0,0,0,0,0,0,0,0,0,0,0,0,0,0,0,0,0,0.000150241260505356,0,0,0,0,0.00202180284732262,0,0,0,0,0.00032348845557162,0,0,0,0,6.68224790747986e-10,0,0,0,0,6.68019929064538e-10,0,0
112,0,0,0.000576000518937053,0,0,0,0,0.000576000518937053,0,0,0,0,0,0,0,0,0,9.57588915840015e-08,0,0,0,0,3.85487798178325e-07,0,0,0,0,4.49111700136013e-05,0,0,0,0,4.49111700136013e-05,0,0,0,0,0,0,0,0,0,0,0,0,0,0,0,0,0,0,0,6.60195978623513e-05,0,0,0,0,0.000902163181717107,0,0,0,0,0.000144346109074737,0,0,0,0,3.05618152473487e-10,0,0,0,0,3.05524457282774e-10,0,0
113,0,0,7.83318576135999e-05,0,0,0,0,7.83318576135999e-05,0,0,0,0,0,0,0,0,0,2.9651644491714e-08,0,0,0,0,5.24235210315575e-08,0,0,0,0,1.22076548476284e-05,0,0,0,0,1.22076548476284e-05,0,0,0,0,0,0,0,0,0,0,0,0,0,0,0,0,0,0,0,2.86912309026051e-05,0,0,0,0,0.000195919503254303,0,0,0,0,3.13471205206885e-05,0,0,0,0,4.15618333953286e-11,0,0,0,0,4.15490915346936e-11,0,0
114,0,0,5.28454808701607e-05,0,0,0,0,5.28454808701607e-05,0,0,0,0,0,0,0,0,0,1.66373984890501e-08,0,0,0,0,3.53667876930147e-08,0,0,0,0,5.73812215050601e-06,0,0,0,0,5.73812215050601e-06,0,0,0,0,0,0,0,0,0,0,0,0,0,0,0,0,0,0,0,1.26966223489245e-05,0,0,0,0,0.000102174578030164,0,0,0,0,1.63479324848263e-05,0,0,0,0,2.80391036103849e-11,0,0,0,0,2.80305074941564e-11,0,0
115,0,0,1.73760950578074e-05,0,0,0,0,1.73760950578074e-05,0,0,0,0,0,0,0,0,0,5.86476994675509e-09,0,0,0,0,1.16289350522329e-08,0,0,0,0,2.33367806131981e-06,0,0,0,0,2.33367806131981e-06,0,0,0,0,0,0,0,0,0,0,0,0,0,0,0,0,0,0,0,5.48586061622653e-06,0,0,0,0,3.89615187418399e-05,0,0,0,0,6.23384299869439e-06,0,0,0,0,9.21952306322682e-12,0,0,0,0,9.21669657872419e-12,0,0
116,0,0,8.72923319751617e-06,0,0,0,0,8.72923319751617e-06,0,0,0,0,0,0,0,0,0,4.76874887576093e-09,0,0,0,0,5.8420309955717e-09,0,0,0,0,1.02668147012408e-06,0,0,0,0,1.02668147012408e-06,0,0,0,0,0,0,0,0,0,0,0,0,0,0,0,0,0,0,0,2.44092399776281e-06,0,0,0,0,1.78275630366505e-05,0,0,0,0,2.85241008586407e-06,0,0,0,0,4.63161409517178e-12,0,0,0,0,4.63019415344894e-12,0,0
117,0,0,2.73300047522989e-06,0,0,0,0,2.73300047522989e-06,0,0,0,0,0,0,0,0,0,1.08269052174016e-09,0,0,0,0,1.82905796258809e-09,0,0,0,0,4.44562883118973e-07,0,0,0,0,4.44562883118973e-07,0,0,0,0,0,0,0,0,0,0,0,0,0,0,0,0,0,0,0,1.04762229170762e-06,0,0,0,0,7.05889152949938e-06,0,0,0,0,1.1294226447199e-06,0,0,0,0,1.45009340875299e-12,0,0,0,0,1.44964884491611e-12,0,0
118,0,0,4.21411133759751e-06,0,0,0,0,4.21411133759751e-06,0,0,0,0,0,0,0,0,0,6.68132251144343e-10,0,0,0,0,2.82028999523576e-09,0,0,0,0,3.14726455552434e-07,0,0,0,0,3.14726455552434e-07,0,0,0,0,0,0,0,0,0,0,0,0,0,0,0,0,0,0,0,4.63600346993783e-07,0,0,0,0,6.43471740885945e-06,0,0,0,0,1.02955478541751e-06,0,0,0,0,2.23595097395193e-12,0,0,0,0,2.23526548504614e-12,0,0
119,0,0,1.96203037707076e-06,0,0,0,0,1.96203037707076e-06,0,0,0,0,0,0,0,0,0,3.02308769003966e-10,0,0,0,0,1.31308695938632e-09,0,0,0,0,1.3794961499693e-07,0,0,0,0,1.3794961499693e-07,0,0,0,0,0,0,0,0,0,0,0,0,0,0,0,0,0,0,0,2.02593405263226e-07,0,0,0,0,2.89306177363486e-06,0,0,0,0,4.62889883781577e-07,0,0,0,0,1.04102701164884e-12,0,0,0,0,1.04070785775172e-12,0,0
120,0,0,2.5575848111839e-07,0,0,0,0,2.5575848111839e-07,0,0,0,0,0,0,0,0,0,9.04369688024583e-11,0,0,0,0,1.71166119665485e-10,0,0,0,0,3.71234949035596e-08,0,0,0,0,3.71234949035596e-08,0,0,0,0,0,0,0,0,0,0,0,0,0,0,0,0,0,0,0,8.8047518881464e-08,0,0,0,0,6.06629325572864e-07,0,0,0,0,9.70606920916582e-08,0,0,0,0,1.35702020934064e-13,0,0,0,0,1.35660417951294e-13,0,0
121,0,0,1.62672200021395e-07,0,0,0,0,1.62672200021395e-07,0,0,0,0,0,0,0,0,0,6.21611041993886e-11,0,0,0,0,1.08868214783543e-10,0,0,0,0,1.66214526140246e-08,0,0,0,0,1.66214526140246e-08,0,0,0,0,0,0,0,0,0,0,0,0,0,0,0,0,0,0,0,3.88306468183898e-08,0,0,0,0,3.02011334207276e-07,0,0,0,0,4.83218134731642e-08,0,0,0,0,8.63116882621579e-14,0,0,0,0,8.62852271700172e-14,0,0
122,0,0,6.3690221912972e-08,0,0,0,0,6.3690221912972e-08,0,0,0,0,0,0,0,0,0,1.78977879614279e-11,0,0,0,0,4.26246202972667e-11,0,0,0,0,7.46386165754794e-09,0,0,0,0,7.46386165754794e-09,0,0,0,0,0,0,0,0,0,0,0,0,0,0,0,0,0,0,0,1.68555498343639e-08,0,0,0,0,1.29733378808462e-07,0,0,0,0,2.07573406093539e-08,0,0,0,0,3.37931778040569e-14,0,0,0,0,3.37828176267784e-14,0,0
123,0,0,3.50691455371032e-08,0,0,0,0,3.50691455371032e-08,0,0,0,0,0,0,0,0,0,1.23629066985069e-11,0,0,0,0,2.34699922181329e-11,0,0,0,0,3.36870067840976e-09,0,0,0,0,3.36870067840976e-09,0,0,0,0,0,0,0,0,0,0,0,0,0,0,0,0,0,0,0,7.42448317113309e-09,0,0,0,0,6.25342333628123e-08,0,0,0,0,1.000547733805e-08,0,0,0,0,1.86072184234344e-14,0,0,0,0,1.8601513896839e-14,0,0
124,0,0,1.23459299927508e-08,0,0,0,0,1.23459299927508e-08,0,0,0,0,0,0,0,0,0,4.87441088399957e-12,0,0,0,0,8.26250187786611e-12,0,0,0,0,1.39588583912158e-09,0,0,0,0,1.39588583912158e-09,0,0,0,0,0,0,0,0,0,0,0,0,0,0,0,0,0,0,0,3.24056133613301e-09,0,0,0,0,2.45330718294674e-08,0,0,0,0,3.92529149271478e-09,0,0,0,0,6.5505849229345e-15,0,0,0,0,6.54857667081117e-15,0,0
125,0,0,1.25644162295813e-08,0,0,0,0,1.25644162295813e-08,0,0,0,0,0,0,0,0,0,2.03779104290632e-12,0,0,0,0,8.40872358357476e-12,0,0,0,0,9.61432835976855e-10,0,0,0,0,9.61432835976855e-10,0,0,0,0,0,0,0,0,0,0,0,0,0,0,0,0,0,0,0,1.40406429817224e-09,0,0,0,0,1.9462093631474e-08,0,0,0,0,3.11393498103584e-09,0,0,0,0,6.66651079078656e-15,0,0,0,0,6.66446699857436e-15,0,0
126,0,0,5.36425433196147e-09,0,0,0,0,5.36425433196147e-09,0,0,0,0,0,0,0,0,0,8.90786315267008e-13,0,0,0,0,3.59002209774459e-12,0,0,0,0,4.1996843962535e-10,0,0,0,0,4.1996843962535e-10,0,0,0,0,0,0,0,0,0,0,0,0,0,0,0,0,0,0,0,6.11126866899343e-10,0,0,0,0,8.42437204367466e-09,0,0,0,0,1.34789952698795e-09,0,0,0,0,2.84620142592462e-15,0,0,0,0,2.84532884887627e-15,0,0
127,0,0,1.39978472934895e-09,0,0,0,0,1.39978472934895e-09,0,0,0,0,0,0,0,0,0,5.13374105874414e-13,0,0,0,0,9.36804595655824e-13,0,0,0,0,1.27816856869492e-10,0,0,0,0,1.27816856869492e-10,0,0,0,0,0,0,0,0,0,0,0,0,0,0,0,0,0,0,0,2.7167139485632e-10,0,0,0,0,2.41691751314583e-09,0,0,0,0,3.86706802103333e-10,0,0,0,0,7.42707009420208e-16,0,0,0,0,7.42479313276088e-16,0,0
128,0,0,3.57527289623612e-10,0,0,0,0,3.57527289623612e-10,0,0,0,0,0,0,0,0,0,1.20574952137814e-13,0,0,0,0,2.39274797738042e-13,0,0,0,0,5.05878536495464e-11,0,0,0,0,5.05878536495464e-11,0,0,0,0,0,0,0,0,0,0,0,0,0,0,0,0,0,0,0,1.16921430102494e-10,0,0,0,0,8.32255637258066e-10,0,0,0,0,1.33160901961291e-10,0,0,0,0,1.89699186235564e-16,0,0,0,0,1.89641029017844e-16,0,0
129,0,0,1.7567439545735e-10,0,0,0,0,1.7567439545735e-10,0,0,0,0,0,0,0,0,0,6.54649056587828e-14,0,0,0,0,1.17569921683634e-13,0,0,0,0,2.24014276527232e-11,0,0,0,0,2.24014276527232e-11,0,0,0,0,0,0,0,0,0,0,0,0,0,0,0,0,0,0,0,5.10945203318483e-11,0,0,0,0,3.79516382362767e-10,0,0,0,0,6.07226211780428e-11,0,0,0,0,9.32104788302096e-17,0,0,0,0,9.31819027344517e-17,0,0
130,0,0,8.24402798557385e-11,0,0,0,0,8.24402798557385e-11,0,0,0,0,0,0,0,0,0,2.38484026013092e-14,0,0,0,0,5.51730787004143e-14,0,0,0,0,1.00995410191547e-11,0,0,0,0,1.00995410191547e-11,0,0,0,0,0,0,0,0,0,0,0,0,0,0,0,0,0,0,0,2.24726363725685e-11,0,0,0,0,1.73161191616349e-10,0,0,0,0,2.77057906586158e-11,0,0,0,0,4.37417071522836e-17,0,0,0,0,4.37282969946717e-17,0,0
131,0,0,4.38222116806148e-11,0,0,0,0,4.38222116806148e-11,0,0,0,0,0,0,0,0,0,1.47169358152313e-14,0,0,0,0,2.93279733900913e-14,0,0,0,0,4.72554886120075e-12,0,0,0,0,4.72554886120075e-12,0,0,0,0,0,0,0,0,0,0,0,0,0,0,0,0,0,0,0,9.76342291135672e-12,0,0,0,0,8.43425336807425e-11,0,0,0,0,1.34948053889188e-11,0,0,0,0,2.3251477960205e-17,0,0,0,0,2.32443496150979e-17,0,0
132,0,0,3.89478370719551e-11,0,0,0,0,3.89478370719551e-11,0,0,0,0,0,0,0,0,0,6.43326266081425e-15,0,0,0,0,2.60658028301479e-14,0,0,0,0,2.92946688683731e-12,0,0,0,0,2.92946688683731e-12,0,0,0,0,0,0,0,0,0,0,0,0,0,0,0,0,0,0,0,4.26660333127874e-12,0,0,0,0,5.97296833967097e-11,0,0,0,0,9.55674934347355e-12,0,0,0,0,2.06652001472764e-17,0,0,0,0,2.06588646928761e-17,0,0
133,0,0,1.77084655056307e-11,0,0,0,0,1.77084655056307e-11,0,0,0,0,0,0,0,0,0,2.77908484012304e-15,0,0,0,0,1.1851373657579e-14,0,0,0,0,1.27683008219667e-12,0,0,0,0,1.27683008219667e-12,0,0,0,0,0,0,0,0,0,0,0,0,0,0,0,0,0,0,0,1.88804847340639e-12,0,0,0,0,2.64947173345667e-11,0,0,0,0,4.23915477353067e-12,0,0,0,0,9.39587436649995e-18,0,0,0,0,9.39299381692017e-18,0,0
134,0,0,3.4828196632037e-12,0,0,0,0,3.4828196632037e-12,0,0,0,0,0,0,0,0,0,1.45779661943175e-15,0,0,0,0,2.33087373931219e-15,0,0,0,0,3.76740919255676e-13,0,0,0,0,3.76740919255676e-13,0,0,0,0,0,0,0,0,0,0,0,0,0,0,0,0,0,0,0,8.27588469342493e-13,0,0,0,0,6.71923668604912e-12,0,0,0,0,1.07507786976786e-12,0,0,0,0,1.84793741649904e-18,0,0,0,0,1.84737088323764e-18,0,0
135,0,0,1.42724323751797e-12,0,0,0,0,1.42724323751797e-12,0,0,0,0,0,0,0,0,0,3.80652540464291e-16,0,0,0,0,9.55181176070834e-16,0,0,0,0,1.58435667210036e-13,0,0,0,0,1.58435667210036e-13,0,0,0,0,0,0,0,0,0,0,0,0,0,0,0,0,0,0,0,3.59132465131075e-13,0,0,0,0,2.79964764935347e-12,0,0,0,0,4.47943623896556e-13,0,0,0,0,7.57276125697704e-19,0,0,0,0,7.57043963012192e-19,0,0
136,0,0,4.41066965419736e-13,0,0,0,0,4.41066965419736e-13,0,0,0,0,0,0,0,0,0,1.60756372925239e-16,0,0,0,0,2.95183646123469e-16,0,0,0,0,6.76825576053611e-14,0,0,0,0,6.76825576053611e-14,0,0,0,0,0,0,0,0,0,0,0,0,0,0,0,0,0,0,0,1.55549491224751e-13,0,0,0,0,1.09007672883019e-12,0,0,0,0,1.7441227661283e-13,0,0,0,0,2.34024218133383e-19,0,0,0,0,2.33952471924685e-19,0,0
137,0,0,1.99323862285422e-13,0,0,0,0,1.99323862285422e-13,0,0,0,0,0,0,0,0,0,7.02719631594462e-17,0,0,0,0,1.33397304812504e-16,0,0,0,0,2.98080921588842e-14,0,0,0,0,2.98080921588842e-14,0,0,0,0,0,0,0,0,0,0,0,0,0,0,0,0,0,0,0,6.79958617995182e-14,0,0,0,0,4.83291692915709e-13,0,0,0,0,7.73266708665135e-14,0,0,0,0,1.057585688429e-19,0,0,0,0,1.05726145803898e-19,0,0
138,0,0,9.95196802849051e-15,0,0,0,0,9.95196802849051e-15,0,0,0,0,0,0,0,0,0,1.27178084589037e-17,0,0,0,0,6.66034511552782e-18,0,0,0,0,9.07955460712459e-15,0,0,0,0,9.07955460712459e-15,0,0,0,0,0,0,0,0,0,0,0,0,0,0,0,0,0,0,0,2.97232551868578e-14,0,0,0,0,1.15151765950203e-13,0,0,0,0,1.84242825520324e-14,0,0,0,0,5.28038080235629e-21,0,0,0,0,5.27876196433143e-21,0,0
139,0,0,0,0,0,0,0,0,0,0,0,0,0,0,0,0,0,0,0,0,0,0,0,0,0,0,0,0,0,0,0,0,0,0,0,0,0,0,0,0,0,0,0,0,0,0,0,0,0,0,0,0,0,0,0,0,0,0,0,0,0,0,0,0,0,0,0,0,0,0,0,0,0,0,0
140,0,0,0,0,0,0,0,0,0,0,0,0,0,0,0,0,0,0,0,0,0,0,0,0,0,0,0,0,0,0,0,0,0,0,0,0,0,0,0,0,0,0,0,0,0,0,0,0,0,0,0,0,0,0,0,0,0,0,0,0,0,0,0,0,0,0,0,0,0,0,0,0,0,0,0
141,0,0,0,0,0,0,0,0,0,0,0,0,0,0,0,0,0,0,0,0,0,0,0,0,0,0,0,0,0,0,0,0,0,0,0,0,0,0,0,0,0,0,0,0,0,0,0,0,0,0,0,0,0,0,0,0,0,0,0,0,0,0,0,0,0,0,0,0,0,0,0,0,0,0,0
142,0,0,0,0,0,0,0,0,0,0,0,0,0,0,0,0,0,0,0,0,0,0,0,0,0,0,0,0,0,0,0,0,0,0,0,0,0,0,0,0,0,0,0,0,0,0,0,0,0,0,0,0,0,0,0,0,0,0,0,0,0,0,0,0,0,0,0,0,0,0,0,0,0,0,0
143,0,0,0,0,0,0,0,0,0,0,0,0,0,0,0,0,0,0,0,0,0,0,0,0,0,0,0,0,0,0,0,0,0,0,0,0,0,0,0,0,0,0,0,0,0,0,0,0,0,0,0,0,0,0,0,0,0,0,0,0,0,0,0,0,0,0,0,0,0,0,0,0,0,0,0
144,0,0,0,0,0,0,0,0,0,0,0,0,0,0,0,0,0,0,0,0,0,0,0,0,0,0,0,0,0,0,0,0,0,0,0,0,0,0,0,0,0,0,0,0,0,0,0,0,0,0,0,0,0,0,0,0,0,0,0,0,0,0,0,0,0,0,0,0,0,0,0,0,0,0,0
145,0,0,0,0,0,0,0,0,0,0,0,0,0,0,0,0,0,0,0,0,0,0,0,0,0,0,0,0,0,0,0,0,0,0,0,0,0,0,0,0,0,0,0,0,0,0,0,0,0,0,0,0,0,0,0,0,0,0,0,0,0,0,0,0,0,0,0,0,0,0,0,0,0,0,0
146,0,0,0,0,0,0,0,0,0,0,0,0,0,0,0,0,0,0,0,0,0,0,0,0,0,0,0,0,0,0,0,0,0,0,0,0,0,0,0,0,0,0,0,0,0,0,0,0,0,0,0,0,0,0,0,0,0,0,0,0,0,0,0,0,0,0,0,0,0,0,0,0,0,0,0
147,0,0,0,0,0,0,0,0,0,0,0,0,0,0,0,0,0,0,0,0,0,0,0,0,0,0,0,0,0,0,0,0,0,0,0,0,0,0,0,0,0,0,0,0,0,0,0,0,0,0,0,0,0,0,0,0,0,0,0,0,0,0,0,0,0,0,0,0,0,0,0,0,0,0,0
148,0,0,0,0,0,0,0,0,0,0,0,0,0,0,0,0,0,0,0,0,0,0,0,0,0,0,0,0,0,0,0,0,0,0,0,0,0,0,0,0,0,0,0,0,0,0,0,0,0,0,0,0,0,0,0,0,0,0,0,0,0,0,0,0,0,0,0,0,0,0,0,0,0,0,0
149,0,0,0,0,0,0,0,0,0,0,0,0,0,0,0,0,0,0,0,0,0,0,0,0,0,0,0,0,0,0,0,0,0,0,0,0,0,0,0,0,0,0,0,0,0,0,0,0,0,0,0,0,0,0,0,0,0,0,0,0,0,0,0,0,0,0,0,0,0,0,0,0,0,0,0
150,0,0,0,0,0,0,0,0,0,0,0,0,0,0,0,0,0,0,0,0,0,0,0,0,0,0,0,0,0,0,0,0,0,0,0,0,0,0,0,0,0,0,0,0,0,0,0,0,0,0,0,0,0,0,0,0,0,0,0,0,0,0,0,0,0,0,0,0,0,0,0,0,0,0,0
151,0,0,0,0,0,0,0,0,0,0,0,0,0,0,0,0,0,0,0,0,0,0,0,0,0,0,0,0,0,0,0,0,0,0,0,0,0,0,0,0,0,0,0,0,0,0,0,0,0,0,0,0,0,0,0,0,0,0,0,0,0,0,0,0,0,0,0,0,0,0,0,0,0,0,0
152,0,0,0,0,0,0,0,0,0,0,0,0,0,0,0,0,0,0,0,0,0,0,0,0,0,0,0,0,0,0,0,0,0,0,0,0,0,0,0,0,0,0,0,0,0,0,0,0,0,0,0,0,0,0,0,0,0,0,0,0,0,0,0,0,0,0,0,0,0,0,0,0,0,0,0
153,0,0,0,0,0,0,0,0,0,0,0,0,0,0,0,0,0,0,0,0,0,0,0,0,0,0,0,0,0,0,0,0,0,0,0,0,0,0,0,0,0,0,0,0,0,0,0,0,0,0,0,0,0,0,0,0,0,0,0,0,0,0,0,0,0,0,0,0,0,0,0,0,0,0,0
154,0,0,0,0,0,0,0,0,0,0,0,0,0,0,0,0,0,0,0,0,0,0,0,0,0,0,0,0,0,0,0,0,0,0,0,0,0,0,0,0,0,0,0,0,0,0,0,0,0,0,0,0,0,0,0,0,0,0,0,0,0,0,0,0,0,0,0,0,0,0,0,0,0,0,0
155,0,0,0,0,0,0,0,0,0,0,0,0,0,0,0,0,0,0,0,0,0,0,0,0,0,0,0,0,0,0,0,0,0,0,0,0,0,0,0,0,0,0,0,0,0,0,0,0,0,0,0,0,0,0,0,0,0,0,0,0,0,0,0,0,0,0,0,0,0,0,0,0,0,0,0
156,0,0,0,0,0,0,0,0,0,0,0,0,0,0,0,0,0,0,0,0,0,0,0,0,0,0,0,0,0,0,0,0,0,0,0,0,0,0,0,0,0,0,0,0,0,0,0,0,0,0,0,0,0,0,0,0,0,0,0,0,0,0,0,0,0,0,0,0,0,0,0,0,0,0,0
157,0,0,0,0,0,0,0,0,0,0,0,0,0,0,0,0,0,0,0,0,0,0,0,0,0,0,0,0,0,0,0,0,0,0,0,0,0,0,0,0,0,0,0,0,0,0,0,0,0,0,0,0,0,0,0,0,0,0,0,0,0,0,0,0,0,0,0,0,0,0,0,0,0,0,0
158,0,0,0,0,0,0,0,0,0,0,0,0,0,0,0,0,0,0,0,0,0,0,0,0,0,0,0,0,0,0,0,0,0,0,0,0,0,0,0,0,0,0,0,0,0,0,0,0,0,0,0,0,0,0,0,0,0,0,0,0,0,0,0,0,0,0,0,0,0,0,0,0,0,0,0
159,0,0,0,0,0,0,0,0,0,0,0,0,0,0,0,0,0,0,0,0,0,0,0,0,0,0,0,0,0,0,0,0,0,0,0,0,0,0,0,0,0,0,0,0,0,0,0,0,0,0,0,0,0,0,0,0,0,0,0,0,0,0,0,0,0,0,0,0,0,0,0,0,0,0,0
160,0,0,0,0,0,0,0,0,0,0,0,0,0,0,0,0,0,0,0,0,0,0,0,0,0,0,0,0,0,0,0,0,0,0,0,0,0,0,0,0,0,0,0,0,0,0,0,0,0,0,0,0,0,0,0,0,0,0,0,0,0,0,0,0,0,0,0,0,0,0,0,0,0,0,0
161,0,0,0,0,0,0,0,0,0,0,0,0,0,0,0,0,0,0,0,0,0,0,0,0,0,0,0,0,0,0,0,0,0,0,0,0,0,0,0,0,0,0,0,0,0,0,0,0,0,0,0,0,0,0,0,0,0,0,0,0,0,0,0,0,0,0,0,0,0,0,0,0,0,0,0
162,0,0,0,0,0,0,0,0,0,0,0,0,0,0,0,0,0,0,0,0,0,0,0,0,0,0,0,0,0,0,0,0,0,0,0,0,0,0,0,0,0,0,0,0,0,0,0,0,0,0,0,0,0,0,0,0,0,0,0,0,0,0,0,0,0,0,0,0,0,0,0,0,0,0,0
163,0,0,0,0,0,0,0,0,0,0,0,0,0,0,0,0,0,0,0,0,0,0,0,0,0,0,0,0,0,0,0,0,0,0,0,0,0,0,0,0,0,0,0,0,0,0,0,0,0,0,0,0,0,0,0,0,0,0,0,0,0,0,0,0,0,0,0,0,0,0,0,0,0,0,0
164,0,0,0,0,0,0,0,0,0,0,0,0,0,0,0,0,0,0,0,0,0,0,0,0,0,0,0,0,0,0,0,0,0,0,0,0,0,0,0,0,0,0,0,0,0,0,0,0,0,0,0,0,0,0,0,0,0,0,0,0,0,0,0,0,0,0,0,0,0,0,0,0,0,0,0
165,0,0,0,0,0,0,0,0,0,0,0,0,0,0,0,0,0,0,0,0,0,0,0,0,0,0,0,0,0,0,0,0,0,0,0,0,0,0,0,0,0,0,0,0,0,0,0,0,0,0,0,0,0,0,0,0,0,0,0,0,0,0,0,0,0,0,0,0,0,0,0,0,0,0,0
166,0,0,0,0,0,0,0,0,0,0,0,0,0,0,0,0,0,0,0,0,0,0,0,0,0,0,0,0,0,0,0,0,0,0,0,0,0,0,0,0,0,0,0,0,0,0,0,0,0,0,0,0,0,0,0,0,0,0,0,0,0,0,0,0,0,0,0,0,0,0,0,0,0,0,0
167,0,0,0,0,0,0,0,0,0,0,0,0,0,0,0,0,0,0,0,0,0,0,0,0,0,0,0,0,0,0,0,0,0,0,0,0,0,0,0,0,0,0,0,0,0,0,0,0,0,0,0,0,0,0,0,0,0,0,0,0,0,0,0,0,0,0,0,0,0,0,0,0,0,0,0
168,0,0,186.108513307272,0,0,0,0,186.108513307272,0,0,0,0,0,0,0,0,0,0.03763302320059,0,0,0,0,0.124552945107506,0,0,0,0,67.0129969957666,0,0,0,0,67.0129969957666,0,0,0,0,0,0,0,0,0,0,0,0,0,0,0,0,0,0,0,1170.34618293065,0,0,0,0,1769.14312068824,0,0,0,0,283.062899310118,0,0,0,0,9.87466818632702e-05,0,0,0,0,9.87164085005313e-05,0,0
169,0,0,55.1800944472321,0,0,0,0,55.1800944472321,0,0,0,0,0,0,0,0,0,0.0145321174037638,0,0,0,0,0.0369292256038055,0,0,0,0,6.15191951758503,0,0,0,0,6.15191951758503,0,0,0,0,0,0,0,0,0,0,0,0,0,0,0,0,0,0,0,13.6893270218902,0,0,0,0,108.569457222085,0,0,0,0,17.3711131555336,0,0,0,0,2.92778182724493e-05,0,0,0,0,2.92688423960346e-05,0,0
170,0,0,19.9794475994883,0,0,0,0,19.9794475994883,0,0,0,0,0,0,0,0,0,0.00964999746758619,0,0,0,0,0.013371226258891,0,0,0,0,2.53034782145801,0,0,0,0,2.53034782145801,0,0,0,0,0,0,0,0,0,0,0,0,0,0,0,0,0,0,0,6.02813685967118,0,0,0,0,42.9612332627268,0,0,0,0,6.87379732203628,0,0,0,0,1.06008270167266e-05,0,0,0,0,1.05975770575831e-05,0,0
171,0,0,10.0533307627866,0,0,0,0,10.0533307627866,0,0,0,0,0,0,0,0,0,0.0030707714491679,0,0,0,0,0.00672818202882301,0,0,0,0,1.17782952288603,0,0,0,0,1.17782952288603,0,0,0,0,0,0,0,0,0,0,0,0,0,0,0,0,0,0,0,2.60787777036464,0,0,0,0,20.465558755206,0,0,0,0,3.27448940083296,0,0,0,0,5.33416251012695e-06,0,0,0,0,5.33252718392124e-06,0,0
172,0,0,4.31513274210292,0,0,0,0,4.31513274210292,0,0,0,0,0,0,0,0,0,0.00125644933821211,0,0,0,0,0.00288789847389397,0,0,0,0,0.5124050926087,0,0,0,0,0.5124050926087,0,0,0,0,0,0,0,0,0,0,0,0,0,0,0,0,0,0,0,1.1347404472084,0,0,0,0,8.86980279556153,0,0,0,0,1.41916844728984,0,0,0,0,2.28955157671214e-06,0,0,0,0,2.28884965514796e-06,0,0
173,0,0,2.09173452512636,0,0,0,0,2.09173452512636,0,0,0,0,0,0,0,0,0,0.000530621017605538,0,0,0,0,0.00139989133682128,0,0,0,0,0.223816277121602,0,0,0,0,0.223816277121602,0,0,0,0,0,0,0,0,0,0,0,0,0,0,0,0,0,0,0,0.500928499353322,0,0,0,0,4.00301122279965,0,0,0,0,0.640481795647944,0,0,0,0,1.10984629356555e-06,0,0,0,0,1.10950604132826e-06,0,0
174,0,0,2.04551128957663,0,0,0,0,2.04551128957663,0,0,0,0,0,0,0,0,0,0.000327448156124501,0,0,0,0,0.00136895648049576,0,0,0,0,0.148360955060465,0,0,0,0,0.148360955060465,0,0,0,0,0,0,0,0,0,0,0,0,0,0,0,0,0,0,0,0.218370634343691,0,0,0,0,3.07028579237806,0,0,0,0,0.491245726780489,0,0,0,0,1.08532086453274e-06,0,0,0,0,1.08498813120337e-06,0,0
175,0,0,0.841028204674425,0,0,0,0,0.841028204674425,0,0,0,0,0,0,0,0,0,0.000143138491775444,0,0,0,0,0.000562857324198425,0,0,0,0,0.0649032714994837,0,0,0,0,0.0649032714994837,0,0,0,0,0,0,0,0,0,0,0,0,0,0,0,0,0,0,0,0.0947846908811332,0,0,0,0,1.30967285074772,0,0,0,0,0.209547656119635,0,0,0,0,4.46238289099146e-07,0,0,0,0,4.46101483149428e-07,0,0
176,0,0,0.173390538334025,0,0,0,0,0.173390538334025,0,0,0,0,0,0,0,0,0,4.43226900499619e-05,0,0,0,0,0.000116041452481125,0,0,0,0,0.018777011066768,0,0,0,0,0.018777011066768,0,0,0,0,0,0,0,0,0,0,0,0,0,0,0,0,0,0,0,0.0418296994777224,0,0,0,0,0.334503483306263,0,0,0,0,0.0535205573290021,0,0,0,0,9.19986948619727e-08,0,0,0,0,9.19704902700967e-08,0,0
177,0,0,0.0861678343209034,0,0,0,0,0.0861678343209034,0,0,0,0,0,0,0,0,0,2.76303358648548e-05,0,0,0,0,5.76677409726253e-05,0,0,0,0,0.0083080439452127,0,0,0,0,0.0083080439452127,0,0,0,0,0,0,0,0,0,0,0,0,0,0,0,0,0,0,0,0.0183689475997866,0,0,0,0,0.153993430807646,0,0,0,0,0.0246389489292234,0,0,0,0,4.57194975733588e-08,0,0,0,0,4.57054810726707e-08,0,0
178,0,0,0.0288596238652098,0,0,0,0,0.0288596238652098,0,0,0,0,0,0,0,0,0,1.10278667628163e-05,0,0,0,0,1.93142757589601e-05,0,0,0,0,0.00352232074702673,0,0,0,0,0.00352232074702673,0,0,0,0,0,0,0,0,0,0,0,0,0,0,0,0,0,0,0,0.00801991093077075,0,0,0,0,0.0604649152719346,0,0,0,0,0.00967438644350953,0,0,0,0,1.53125294800803e-08,0,0,0,0,1.53078350260424e-08,0,0
179,0,0,0.0126661177184613,0,0,0,0,0.0126661177184613,0,0,0,0,0,0,0,0,0,5.05020240113658e-06,0,0,0,0,8.47678720805234e-06,0,0,0,0,0.00148397116428762,0,0,0,0,0.00148397116428762,0,0,0,0,0,0,0,0,0,0,0,0,0,0,0,0,0,0,0,0.00350790498806196,0,0,0,0,0.0257903303731158,0,0,0,0,0.00412645285969854,0,0,0,0,6.72047223719754e-09,0,0,0,0,6.71841190170094e-09,0,0
180,0,0,0.0050192677779836,0,0,0,0,0.0050192677779836,0,0,0,0,0,0,0,0,0,2.40830358695839e-06,0,0,0,0,3.35914017538195e-06,0,0,0,0,0.000604332515166154,0,0,0,0,0.000604332515166154,0,0,0,0,0,0,0,0,0,0,0,0,0,0,0,0,0,0,0,0.00153528853164108,0,0,0,0,0.0104157234441986,0,0,0,0,0.00166651575107177,0,0,0,0,2.66315618587956e-09,0,0,0,0,2.66233972610872e-09,0,0
181,0,0,0.00566419550107324,0,0,0,0,0.00566419550107324,0,0,0,0,0,0,0,0,0,9.64862307488318e-07,0,0,0,0,3.79075743922882e-06,0,0,0,0,0.000452646944130561,0,0,0,0,0.000452646944130561,0,0,0,0,0,0,0,0,0,0,0,0,0,0,0,0,0,0,0,0.000661335024297761,0,0,0,0,0.00900576015557409,0,0,0,0,0.00144092162489185,0,0,0,0,3.00534618871726e-09,0,0,0,0,3.00442482170411e-09,0,0
182,0,0,0.00265032784335479,0,0,0,0,0.00265032784335479,0,0,0,0,0,0,0,0,0,4.21773440716342e-07,0,0,0,0,1.77372938252022e-06,0,0,0,0,0.000197374901919659,0,0,0,0,0.000197374901919659,0,0,0,0,0,0,0,0,0,0,0,0,0,0,0,0,0,0,0,0.000291409808986262,0,0,0,0,0.00404018539450949,0,0,0,0,0.000646429663121518,0,0,0,0,1.40622841873455e-09,0,0,0,0,1.40579730285084e-09,0,0
183,0,0,0.000425148100394226,0,0,0,0,0.000425148100394226,0,0,0,0,0,0,0,0,0,1.35183387161193e-07,0,0,0,0,2.84529960881126e-07,0,0,0,0,5.73329665764543e-05,0,0,0,0,5.73329665764543e-05,0,0,0,0,0,0,0,0,0,0,0,0,0,0,0,0,0,0,0,0.000126527451308493,0,0,0,0,0.000956234909890085,0,0,0,0,0.000152997585582414,0,0,0,0,2.25577881787109e-10,0,0,0,0,2.25508725022422e-10,0,0
184,0,0,0.000233664743479428,0,0,0,0,0.000233664743479428,0,0,0,0,0,0,0,0,0,9.34320163773346e-08,0,0,0,0,1.56379906813298e-07,0,0,0,0,2.40159525830362e-05,0,0,0,0,2.40159525830362e-05,0,0,0,0,0,0,0,0,0,0,0,0,0,0,0,0,0,0,0,5.61101406129942e-05,0,0,0,0,0.000435371136387591,0,0,0,0,6.96593818220146e-05,0,0,0,0,1.23979379970277e-10,0,0,0,0,1.23941370867884e-10,0,0
185,0,0,7.98856658479793e-05,0,0,0,0,7.98856658479793e-05,0,0,0,0,0,0,0,0,0,2.58315876315548e-08,0,0,0,0,5.34634057111193e-08,0,0,0,0,1.07040800138156e-05,0,0,0,0,1.07040800138156e-05,0,0,0,0,0,0,0,0,0,0,0,0,0,0,0,0,0,0,0,2.42967286000512e-05,0,0,0,0,0.000178806313976611,0,0,0,0,2.86090102362578e-05,0,0,0,0,4.23862632114083e-11,0,0,0,0,4.2373268600378e-11,0,0
186,0,0,4.27814694702231e-05,0,0,0,0,4.27814694702231e-05,0,0,0,0,0,0,0,0,0,1.61031616397323e-08,0,0,0,0,2.86314576579606e-08,0,0,0,0,4.74574911276955e-06,0,0,0,0,4.74574911276955e-06,0,0,0,0,0,0,0,0,0,0,0,0,0,0,0,0,0,0,0,1.07055568849377e-05,0,0,0,0,8.39320003137538e-05,0,0,0,0,1.34291200502006e-05,0,0,0,0,2.2699274097389e-11,0,0,0,0,2.26923150447333e-11,0,0
187,0,0,1.34850577912324e-05,0,0,0,0,1.34850577912324e-05,0,0,0,0,0,0,0,0,0,4.76874887576093e-09,0,0,0,0,9.02486207103182e-09,0,0,0,0,1.97244005056248e-06,0,0,0,0,1.97244005056248e-06,0,0,0,0,0,0,0,0,0,0,0,0,0,0,0,0,0,0,0,4.61428961045413e-06,0,0,0,0,3.21682157641388e-05,0,0,0,0,5.1469145222622e-06,0,0,0,0,7.15499085966108e-12,0,0,0,0,7.15279731118328e-12,0,0
188,0,0,1.88531670558144e-05,0,0,0,0,1.88531670558144e-05,0,0,0,0,0,0,0,0,0,3.74601164220021e-09,0,0,0,0,1.26174640787576e-08,0,0,0,0,1.37646577169921e-06,0,0,0,0,1.37646577169921e-06,0,0,0,0,0,0,0,0,0,0,0,0,0,0,0,0,0,0,0,2.05189803237386e-06,0,0,0,0,2.84106409457832e-05,0,0,0,0,4.54570255132531e-06,0,0,0,0,1.00032376611481e-11,0,0,0,0,1.00001709085589e-11,0,0
189,0,0,8.26838648273325e-06,0,0,0,0,8.26838648273325e-06,0,0,0,0,0,0,0,0,0,1.28661218418369e-09,0,0,0,0,5.5336097710436e-09,0,0,0,0,6.00929650327064e-07,0,0,0,0,6.00929650327064e-07,0,0,0,0,0,0,0,0,0,0,0,0,0,0,0,0,0,0,0,8.93689587091304e-07,0,0,0,0,1.24265559124517e-05,0,0,0,0,1.98824894599228e-06,0,0,0,0,4.38709500722835e-12,0,0,0,0,4.38575002918941e-12,0,0
190,0,0,1.69376987973135e-06,0,0,0,0,1.69376987973135e-06,0,0,0,0,0,0,0,0,0,7.41373169084945e-10,0,0,0,0,1.1335538772835e-09,0,0,0,0,1.7514261081717e-07,0,0,0,0,1.7514261081717e-07,0,0,0,0,0,0,0,0,0,0,0,0,0,0,0,0,0,0,0,3.92325753577505e-07,0,0,0,0,3.16978214259226e-06,0,0,0,0,5.07165142814761e-07,0,0,0,0,8.98691588531894e-13,0,0,0,0,8.98416071259448e-13,0,0
191,0,0,7.70130212137993e-07,0,0,0,0,7.70130212137993e-07,0,0,0,0,0,0,0,0,0,1.99308236115504e-10,0,0,0,0,5.15408910282813e-10,0,0,0,0,8.12077141444757e-08,0,0,0,0,8.12077141444757e-08,0,0,0,0,0,0,0,0,0,0,0,0,0,0,0,0,0,0,0,1.70095591624773e-07,0,0,0,0,1.4597551096944e-06,0,0,0,0,2.33560817551104e-07,0,0,0,0,4.08620764842313e-13,0,0,0,0,4.08495491522711e-13,0,0
192,0,0,3.20188350433928e-07,0,0,0,0,3.20188350433928e-07,0,0,0,0,0,0,0,0,0,1.07515051887944e-10,0,0,0,0,2.14285748281788e-10,0,0,0,0,3.39629892268754e-08,0,0,0,0,3.39629892268754e-08,0,0,0,0,0,0,0,0,0,0,0,0,0,0,0,0,0,0,0,7.43317309292144e-08,0,0,0,0,6.09327797775048e-07,0,0,0,0,9.74924476440076e-08,0,0,0,0,1.6988764573291e-13,0,0,0,0,1.69835562258032e-13,0,0
193,0,0,1.03314472258548e-07,0,0,0,0,1.03314472258548e-07,0,0,0,0,0,0,0,0,0,3.32726796311051e-11,0,0,0,0,6.91431120659385e-11,0,0,0,0,1.33721894850263e-08,0,0,0,0,1.33721894850263e-08,0,0,0,0,0,0,0,0,0,0,0,0,0,0,0,0,0,0,0,3.24730149801763e-08,0,0,0,0,2.25502551514847e-07,0,0,0,0,3.60804082423755e-08,0,0,0,0,5.48172737651324e-14,0,0,0,0,5.48004681046106e-14,0,0
194,0,0,5.42913999425044e-08,0,0,0,0,5.42913999425044e-08,0,0,0,0,0,0,0,0,0,2.12530028681011e-11,0,0,0,0,3.63344676537383e-11,0,0,0,0,6.38806881266345e-09,0,0,0,0,6.38806881266345e-09,0,0,0,0,0,0,0,0,0,0,0,0,0,0,0,0,0,0,0,1.40734982055636e-08,0,0,0,0,1.10878489313311e-07,0,0,0,0,1.77405582901298e-08,0,0,0,0,2.88062888836401e-14,0,0,0,0,2.87974575668193e-14,0,0
195,0,0,5.38048776326512e-08,0,0,0,0,5.38048776326512e-08,0,0,0,0,0,0,0,0,0,8.97552306015971e-12,0,0,0,0,3.60088630616869e-11,0,0,0,0,4.2370615651656e-09,0,0,0,0,4.2370615651656e-09,0,0,0,0,0,0,0,0,0,0,0,0,0,0,0,0,0,0,0,6.17666134418843e-09,0,0,0,0,8.47805616660149e-08,0,0,0,0,1.35648898665624e-08,0,0,0,0,2.85481466692045e-14,0,0,0,0,2.85393944925912e-14,0,0
196,0,0,2.3510323758798e-08,0,0,0,0,2.3510323758798e-08,0,0,0,0,0,0,0,0,0,3.92349997914938e-12,0,0,0,0,1.57342617624083e-11,0,0,0,0,1.84225079039645e-09,0,0,0,0,1.84225079039645e-09,0,0,0,0,0,0,0,0,0,0,0,0,0,0,0,0,0,0,0,2.68924170205959e-09,0,0,0,0,3.69437595488171e-08,0,0,0,0,5.91100152781074e-09,0,0,0,0,1.24742625657297e-14,0,0,0,0,1.24704382562093e-14,0,0
197,0,0,2.97500688906541e-09,0,0,0,0,2.97500688906541e-09,0,0,0,0,0,0,0,0,0,1.21490782339446e-12,0,0,0,0,1.99102052433481e-12,0,0,0,0,4.94220970759586e-10,0,0,0,0,4.94220970759586e-10,0,0,0,0,0,0,0,0,0,0,0,0,0,0,0,0,0,0,0,1.17555708912308e-09,0,0,0,0,7.80756581927338e-09,0,0,0,0,1.24921053108374e-09,0,0,0,0,1.57849876717112e-15,0,0,0,0,1.57801483733308e-15,0,0
198,0,0,2.11048072987772e-09,0,0,0,0,2.11048072987772e-09,0,0,0,0,0,0,0,0,0,9.37308727936623e-13,0,0,0,0,1.41243721647975e-12,0,0,0,0,2.26210923044918e-10,0,0,0,0,2.26210923044918e-10,0,0,0,0,0,0,0,0,0,0,0,0,0,0,0,0,0,0,0,5.22592240778987e-10,0,0,0,0,4.04542242551301e-09,0,0,0,0,6.47267588082081e-10,0,0,0,0,1.11979277846208e-15,0,0,0,0,1.11944947687123e-15,0,0
199,0,0,1.09333110071816e-09,0,0,0,0,1.09333110071816e-09,0,0,0,0,0,0,0,0,0,3.87380007104916e-13,0,0,0,0,7.31710796847021e-13,0,0,0,0,1.08021868274064e-10,0,0,0,0,1.08021868274064e-10,0,0,0,0,0,0,0,0,0,0,0,0,0,0,0,0,0,0,0,2.28234621464664e-10,0,0,0,0,1.98544915259346e-09,0,0,0,0,3.17671864414953e-10,0,0,0,0,5.80106822924241e-16,0,0,0,0,5.79928976094896e-16,0,0
200,0,0,2.85376951046823e-10,0,0,0,0,2.85376951046823e-10,0,0,0,0,0,0,0,0,0,1.01481059190944e-13,0,0,0,0,1.90988252428824e-13,0,0,0,0,4.01645326236166e-11,0,0,0,0,4.01645326236166e-11,0,0,0,0,0,0,0,0,0,0,0,0,0,0,0,0,0,0,0,9.81940985533512e-11,0,0,0,0,6.62076880619136e-10,0,0,0,0,1.05932300899062e-10,0,0,0,0,1.51417183960867e-16,0,0,0,0,1.51370763086277e-16,0,0
201,0,0,1.46633385989173e-10,0,0,0,0,1.46633385989173e-10,0,0,0,0,0,0,0,0,0,4.98229775639297e-14,0,0,0,0,9.81342537828095e-14,0,0,0,0,1.82879184037236e-11,0,0,0,0,1.82879184037236e-11,0,0,0,0,0,0,0,0,0,0,0,0,0,0,0,0,0,0,0,4.33872702652628e-11,0,0,0,0,3.11919740407079e-10,0,0,0,0,4.99071584651327e-11,0,0,0,0,7.78017085811689e-17,0,0,0,0,7.77778564445589e-17,0,0
202,0,0,1.77914263168742e-10,0,0,0,0,1.77914263168742e-10,0,0,0,0,0,0,0,0,0,2.92464649398819e-14,0,0,0,0,1.19068951014144e-13,0,0,0,0,1.28495649716646e-11,0,0,0,0,1.28495649716646e-11,0,0,0,0,0,0,0,0,0,0,0,0,0,0,0,0,0,0,0,1.90354662478153e-11,0,0,0,0,2.66437465624253e-10,0,0,0,0,4.26299944998805e-11,0,0,0,0,9.43989226062741e-17,0,0,0,0,9.43699821621772e-17,0,0
203,0,0,7.06559570665832e-11,0,0,0,0,7.06559570665832e-11,0,0,0,0,0,0,0,0,0,1.19666025710626e-14,0,0,0,0,4.72864319081559e-14,0,0,0,0,5.64886016671088e-12,0,0,0,0,5.64886016671088e-12,0,0,0,0,0,0,0,0,0,0,0,0,0,0,0,0,0,0,0,8.20213759069571e-12,0,0,0,0,1.12366172267513e-10,0,0,0,0,1.7978587562802e-11,0,0,0,0,3.74891034816845e-17,0,0,0,0,3.74776102222955e-17,0,0
204,0,0,1.21943727591257e-11,0,0,0,0,1.21943727591257e-11,0,0,0,0,0,0,0,0,0,3.83543796788294e-15,0,0,0,0,8.16107234374703e-15,0,0,0,0,1.55102375720634e-12,0,0,0,0,1.55102375720634e-12,0,0,0,0,0,0,0,0,0,0,0,0,0,0,0,0,0,0,0,3.59538000331102e-12,0,0,0,0,2.6297234535427e-11,0,0,0,0,4.20755752566832e-12,0,0,0,0,6.47017068681547e-18,0,0,0,0,6.46818708776698e-18,0,0
205,0,0,6.53386589161858e-12,0,0,0,0,6.53386589161858e-12,0,0,0,0,0,0,0,0,0,2.4429526113327e-15,0,0,0,0,4.37278351901582e-15,0,0,0,0,7.03947183969626e-13,0,0,0,0,7.03947183969626e-13,0,0,0,0,0,0,0,0,0,0,0,0,0,0,0,0,0,0,0,1.59002949838982e-12,0,0,0,0,1.25697207266223e-11,0,0,0,0,2.01115531625956e-12,0,0,0,0,3.46678163761207e-18,0,0,0,0,3.46571880556474e-18,0,0
206,0,0,3.15670717369035e-12,0,0,0,0,3.15670717369035e-12,0,0,0,0,0,0,0,0,0,1.36327139631069e-15,0,0,0,0,2.11262326659918e-15,0,0,0,0,3.0605419250074e-13,0,0,0,0,3.0605419250074e-13,0,0,0,0,0,0,0,0,0,0,0,0,0,0,0,0,0,0,0,6.97801866571844e-13,0,0,0,0,5.66268438486953e-12,0,0,0,0,9.06029501579125e-13,0,0,0,0,1.674906502e-18,0,0,0,0,1.67439301586425e-18,0,0
207,0,0,1.16912562280053e-12,0,0,0,0,1.16912562280053e-12,0,0,0,0,0,0,0,0,0,3.77423168632544e-16,0,0,0,0,7.82436208493227e-16,0,0,0,0,1.3557047343918e-13,0,0,0,0,1.3557047343918e-13,0,0,0,0,0,0,0,0,0,0,0,0,0,0,0,0,0,0,0,3.03000275102105e-13,0,0,0,0,2.36398116734899e-12,0,0,0,0,3.78236986775838e-13,0,0,0,0,6.20322380106674e-19,0,0,0,0,6.2013220415267e-19,0,0
208,0,0,4.79975979210245e-13,0,0,0,0,4.79975979210245e-13,0,0,0,0,0,0,0,0,0,1.87818484634361e-16,0,0,0,0,3.2122346650952e-16,0,0,0,0,5.81928122885256e-14,0,0,0,0,5.81928122885256e-14,0,0,0,0,0,0,0,0,0,0,0,0,0,0,0,0,0,0,0,1.31643943018267e-13,0,0,0,0,1.00084616044458e-12,0,0,0,0,1.60135385671132e-13,0,0,0,0,2.54668819168057e-19,0,0,0,0,2.54590743820152e-19,0,0
209,0,0,5.56009267425889e-13,0,0,0,0,5.56009267425889e-13,0,0,0,0,0,0,0,0,0,1.10078050239723e-16,0,0,0,0,3.72108672162798e-16,0,0,0,0,3.92745618254413e-14,0,0,0,0,3.92745618254413e-14,0,0,0,0,0,0,0,0,0,0,0,0,0,0,0,0,0,0,0,5.8251978643826e-14,0,0,0,0,8.22196747688873e-13,0,0,0,0,1.3155147963022e-13,0,0,0,0,2.95011062459489e-19,0,0,0,0,2.94920619148004e-19,0,0
210,0,0,0,0,0,0,0,0,0,0,0,0,0,0,0,0,0,0,0,0,0,0,0,0,0,0,0,5.74752546337526e-15,0,0,0,0,5.74752546337526e-15,0,0,0,0,0,0,0,0,0,0,0,0,0,0,0,0,0,0,0,2.50163683707494e-14,0,0,0,0,6.89703055605032e-14,0,0,0,0,1.10352488896805e-14,0,0,0,0,0,0,0,0,0,0,0,0
211,0,0,0,0,0,0,0,0,0,0,0,0,0,0,0,0,0,0,0,0,0,0,0,0,0,0,0,0,0,0,0,0,0,0,0,0,0,0,0,0,0,0,0,0,0,0,0,0,0,0,0,0,0,0,0,0,0,0,0,0,0,0,0,0,0,0,0,0,0,0,0,0,0,0,0
212,0,0,0,0,0,0,0,0,0,0,0,0,0,0,0,0,0,0,0,0,0,0,0,0,0,0,0,0,0,0,0,0,0,0,0,0,0,0,0,0,0,0,0,0,0,0,0,0,0,0,0,0,0,0,0,0,0,0,0,0,0,0,0,0,0,0,0,0,0,0,0,0,0,0,0
213,0,0,0,0,0,0,0,0,0,0,0,0,0,0,0,0,0,0,0,0,0,0,0,0,0,0,0,0,0,0,0,0,0,0,0,0,0,0,0,0,0,0,0,0,0,0,0,0,0,0,0,0,0,0,0,0,0,0,0,0,0,0,0,0,0,0,0,0,0,0,0,0,0,0,0
214,0,0,0,0,0,0,0,0,0,0,0,0,0,0,0,0,0,0,0,0,0,0,0,0,0,0,0,0,0,0,0,0,0,0,0,0,0,0,0,0,0,0,0,0,0,0,0,0,0,0,0,0,0,0,0,0,0,0,0,0,0,0,0,0,0,0,0,0,0,0,0,0,0,0,0
215,0,0,0,0,0,0,0,0,0,0,0,0,0,0,0,0,0,0,0,0,0,0,0,0,0,0,0,0,0,0,0,0,0,0,0,0,0,0,0,0,0,0,0,0,0,0,0,0,0,0,0,0,0,0,0,0,0,0,0,0,0,0,0,0,0,0,0,0,0,0,0,0,0,0,0
216,0,0,0,0,0,0,0,0,0,0,0,0,0,0,0,0,0,0,0,0,0,0,0,0,0,0,0,0,0,0,0,0,0,0,0,0,0,0,0,0,0,0,0,0,0,0,0,0,0,0,0,0,0,0,0,0,0,0,0,0,0,0,0,0,0,0,0,0,0,0,0,0,0,0,0
217,0,0,0,0,0,0,0,0,0,0,0,0,0,0,0,0,0,0,0,0,0,0,0,0,0,0,0,0,0,0,0,0,0,0,0,0,0,0,0,0,0,0,0,0,0,0,0,0,0,0,0,0,0,0,0,0,0,0,0,0,0,0,0,0,0,0,0,0,0,0,0,0,0,0,0
218,0,0,0,0,0,0,0,0,0,0,0,0,0,0,0,0,0,0,0,0,0,0,0,0,0,0,0,0,0,0,0,0,0,0,0,0,0,0,0,0,0,0,0,0,0,0,0,0,0,0,0,0,0,0,0,0,0,0,0,0,0,0,0,0,0,0,0,0,0,0,0,0,0,0,0
219,0,0,0,0,0,0,0,0,0,0,0,0,0,0,0,0,0,0,0,0,0,0,0,0,0,0,0,0,0,0,0,0,0,0,0,0,0,0,0,0,0,0,0,0,0,0,0,0,0,0,0,0,0,0,0,0,0,0,0,0,0,0,0,0,0,0,0,0,0,0,0,0,0,0,0
220,0,0,0,0,0,0,0,0,0,0,0,0,0,0,0,0,0,0,0,0,0,0,0,0,0,0,0,0,0,0,0,0,0,0,0,0,0,0,0,0,0,0,0,0,0,0,0,0,0,0,0,0,0,0,0,0,0,0,0,0,0,0,0,0,0,0,0,0,0,0,0,0,0,0,0
221,0,0,0,0,0,0,0,0,0,0,0,0,0,0,0,0,0,0,0,0,0,0,0,0,0,0,0,0,0,0,0,0,0,0,0,0,0,0,0,0,0,0,0,0,0,0,0,0,0,0,0,0,0,0,0,0,0,0,0,0,0,0,0,0,0,0,0,0,0,0,0,0,0,0,0
222,0,0,0,0,0,0,0,0,0,0,0,0,0,0,0,0,0,0,0,0,0,0,0,0,0,0,0,0,0,0,0,0,0,0,0,0,0,0,0,0,0,0,0,0,0,0,0,0,0,0,0,0,0,0,0,0,0,0,0,0,0,0,0,0,0,0,0,0,0,0,0,0,0,0,0
223,0,0,0,0,0,0,0,0,0,0,0,0,0,0,0,0,0,0,0,0,0,0,0,0,0,0,0,0,0,0,0,0,0,0,0,0,0,0,0,0,0,0,0,0,0,0,0,0,0,0,0,0,0,0,0,0,0,0,0,0,0,0,0,0,0,0,0,0,0,0,0,0,0,0,0
224,0,0,0,0,0,0,0,0,0,0,0,0,0,0,0,0,0,0,0,0,0,0,0,0,0,0,0,0,0,0,0,0,0,0,0,0,0,0,0,0,0,0,0,0,0,0,0,0,0,0,0,0,0,0,0,0,0,0,0,0,0,0,0,0,0,0,0,0,0,0,0,0,0,0,0
225,0,0,0,0,0,0,0,0,0,0,0,0,0,0,0,0,0,0,0,0,0,0,0,0,0,0,0,0,0,0,0,0,0,0,0,0,0,0,0,0,0,0,0,0,0,0,0,0,0,0,0,0,0,0,0,0,0,0,0,0,0,0,0,0,0,0,0,0,0,0,0,0,0,0,0
226,0,0,0,0,0,0,0,0,0,0,0,0,0,0,0,0,0,0,0,0,0,0,0,0,0,0,0,0,0,0,0,0,0,0,0,0,0,0,0,0,0,0,0,0,0,0,0,0,0,0,0,0,0,0,0,0,0,0,0,0,0,0,0,0,0,0,0,0,0,0,0,0,0,0,0
227,0,0,0,0,0,0,0,0,0,0,0,0,0,0,0,0,0,0,0,0,0,0,0,0,0,0,0,0,0,0,0,0,0,0,0,0,0,0,0,0,0,0,0,0,0,0,0,0,0,0,0,0,0,0,0,0,0,0,0,0,0,0,0,0,0,0,0,0,0,0,0,0,0,0,0
228,0,0,0,0,0,0,0,0,0,0,0,0,0,0,0,0,0,0,0,0,0,0,0,0,0,0,0,0,0,0,0,0,0,0,0,0,0,0,0,0,0,0,0,0,0,0,0,0,0,0,0,0,0,0,0,0,0,0,0,0,0,0,0,0,0,0,0,0,0,0,0,0,0,0,0
229,0,0,0,0,0,0,0,0,0,0,0,0,0,0,0,0,0,0,0,0,0,0,0,0,0,0,0,0,0,0,0,0,0,0,0,0,0,0,0,0,0,0,0,0,0,0,0,0,0,0,0,0,0,0,0,0,0,0,0,0,0,0,0,0,0,0,0,0,0,0,0,0,0,0,0
230,0,0,0,0,0,0,0,0,0,0,0,0,0,0,0,0,0,0,0,0,0,0,0,0,0,0,0,0,0,0,0,0,0,0,0,0,0,0,0,0,0,0,0,0,0,0,0,0,0,0,0,0,0,0,0,0,0,0,0,0,0,0,0,0,0,0,0,0,0,0,0,0,0,0,0
231,0,0,0,0,0,0,0,0,0,0,0,0,0,0,0,0,0,0,0,0,0,0,0,0,0,0,0,0,0,0,0,0,0,0,0,0,0,0,0,0,0,0,0,0,0,0,0,0,0,0,0,0,0,0,0,0,0,0,0,0,0,0,0,0,0,0,0,0,0,0,0,0,0,0,0
232,0,0,0,0,0,0,0,0,0,0,0,0,0,0,0,0,0,0,0,0,0,0,0,0,0,0,0,0,0,0,0,0,0,0,0,0,0,0,0,0,0,0,0,0,0,0,0,0,0,0,0,0,0,0,0,0,0,0,0,0,0,0,0,0,0,0,0,0,0,0,0,0,0,0,0
233,0,0,0,0,0,0,0,0,0,0,0,0,0,0,0,0,0,0,0,0,0,0,0,0,0,0,0,0,0,0,0,0,0,0,0,0,0,0,0,0,0,0,0,0,0,0,0,0,0,0,0,0,0,0,0,0,0,0,0,0,0,0,0,0,0,0,0,0,0,0,0,0,0,0,0
234,0,0,0,0,0,0,0,0,0,0,0,0,0,0,0,0,0,0,0,0,0,0,0,0,0,0,0,0,0,0,0,0,0,0,0,0,0,0,0,0,0,0,0,0,0,0,0,0,0,0,0,0,0,0,0,0,0,0,0,0,0,0,0,0,0,0,0,0,0,0,0,0,0,0,0
235,0,0,0,0,0,0,0,0,0,0,0,0,0,0,0,0,0,0,0,0,0,0,0,0,0,0,0,0,0,0,0,0,0,0,0,0,0,0,0,0,0,0,0,0,0,0,0,0,0,0,0,0,0,0,0,0,0,0,0,0,0,0,0,0,0,0,0,0,0,0,0,0,0,0,0
236,0,0,0,0,0,0,0,0,0,0,0,0,0,0,0,0,0,0,0,0,0,0,0,0,0,0,0,0,0,0,0,0,0,0,0,0,0,0,0,0,0,0,0,0,0,0,0,0,0,0,0,0,0,0,0,0,0,0,0,0,0,0,0,0,0,0,0,0,0,0,0,0,0,0,0
237,0,0,0,0,0,0,0,0,0,0,0,0,0,0,0,0,0,0,0,0,0,0,0,0,0,0,0,0,0,0,0,0,0,0,0,0,0,0,0,0,0,0,0,0,0,0,0,0,0,0,0,0,0,0,0,0,0,0,0,0,0,0,0,0,0,0,0,0,0,0,0,0,0,0,0
238,0,0,0,0,0,0,0,0,0,0,0,0,0,0,0,0,0,0,0,0,0,0,0,0,0,0,0,0,0,0,0,0,0,0,0,0,0,0,0,0,0,0,0,0,0,0,0,0,0,0,0,0,0,0,0,0,0,0,0,0,0,0,0,0,0,0,0,0,0,0,0,0,0,0,0
239,0,0,0,0,0,0,0,0,0,0,0,0,0,0,0,0,0,0,0,0,0,0,0,0,0,0,0,0,0,0,0,0,0,0,0,0,0,0,0,0,0,0,0,0,0,0,0,0,0,0,0,0,0,0,0,0,0,0,0,0,0,0,0,0,0,0,0,0,0,0,0,0,0,0,0
240,0,0,95.2680694876592,0,0,0,0,95.2680694876592,0,0,0,0,0,0,0,0,0,0.03763302320059,0,0,0,0,0.0637580646824222,0,0,0,0,23.3097154206665,0,0,0,0,23.3097154206665,0,0,0,0,0,0,0,0,0,0,0,0,0,0,0,0,0,0,0,1170.09331634978,0,0,0,0,615.376487105596,0,0,0,0,98.4602379368953,0,0,0,0,5.05479603391051e-05,0,0,0,0,5.05324635476162e-05,0,0
241,0,0,53.340038181557,0,0,0,0,53.340038181557,0,0,0,0,0,0,0,0,0,0.0172663684670055,0,0,0,0,0.0356977697021889,0,0,0,0,7.24405257049399,0,0,0,0,7.24405257049399,0,0,0,0,0,0,0,0,0,0,0,0,0,0,0,0,0,0,0,17.3616007405636,0,0,0,0,120.745296655737,0,0,0,0,19.3192474649179,0,0,0,0,2.83015090889079e-05,0,0,0,0,2.82928325254575e-05,0,0
242,0,0,34.5741310502419,0,0,0,0,34.5741310502419,0,0,0,0,0,0,0,0,0,0.013337612074337,0,0,0,0,0.0231387042447146,0,0,0,0,3.36037414445939,0,0,0,0,3.36037414445939,0,0,0,0,0,0,0,0,0,0,0,0,0,0,0,0,0,0,0,7.17975391322247,0,0,0,0,62.1329690349255,0,0,0,0,9.94127504558808,0,0,0,0,1.83445703737393e-05,0,0,0,0,1.83389463687324e-05,0,0
243,0,0,11.5684948600479,0,0,0,0,11.5684948600479,0,0,0,0,0,0,0,0,0,0.00329935297156119,0,0,0,0,0.00774220415645925,0,0,0,0,1.33444364542114,0,0,0,0,1.33444364542114,0,0,0,0,0,0,0,0,0,0,0,0,0,0,0,0,0,0,0,3.10997123091739,0,0,0,0,23.2974743399133,0,0,0,0,3.72759589438613,0,0,0,0,6.13808826518304e-06,0,0,0,0,6.13620647463505e-06,0,0
244,0,0,11.5336237288379,0,0,0,0,11.5336237288379,0,0,0,0,0,0,0,0,0,0.00196703668476852,0,0,0,0,0.00771886668514074,0,0,0,0,0.92155060516124,0,0,0,0,0.92155060516124,0,0,0,0,0,0,0,0,0,0,0,0,0,0,0,0,0,0,0,1.35073945763667,0,0,0,0,18.3346567791312,0,0,0,0,2.93354508466099,0,0,0,0,6.11958611050662e-06,0,0,0,0,6.11770999227521e-06,0,0
245,0,0,5.77505635653998,0,0,0,0,5.77505635653998,0,0,0,0,0,0,0,0,0,0.00101636156307996,0,0,0,0,0.00386495096106263,0,0,0,0,0.402352630810058,0,0,0,0,0.402352630810058,0,0,0,0,0,0,0,0,0,0,0,0,0,0,0,0,0,0,0,0.598814839088906,0,0,0,0,8.47196426964616,0,0,0,0,1.35551428314339,0,0,0,0,3.06416747223259e-06,0,0,0,0,3.06322807202563e-06,0,0
246,0,0,1.06553905855902,0,0,0,0,1.06553905855902,0,0,0,0,0,0,0,0,0,0.00035884596466203,0,0,0,0,0.000713110999127085,0,0,0,0,0.112699089788316,0,0,0,0,0.112699089788316,0,0,0,0,0,0,0,0,0,0,0,0,0,0,0,0,0,0,0,0.260967305495539,0,0,0,0,2.02337163884361,0,0,0,0,0.323739462214978,0,0,0,0,5.65360737983525e-07,0,0,0,0,5.65187411949917e-07,0,0
247,0,0,0.386957648450933,0,0,0,0,0.386957648450933,0,0,0,0,0,0,0,0,0,0.00016806805640412,0,0,0,0,0.000258971037326294,0,0,0,0,0.0470970981851344,0,0,0,0,0.0470970981851344,0,0,0,0,0,0,0,0,0,0,0,0,0,0,0,0,0,0,0,0.114181702098785,0,0,0,0,0.808891801975924,0,0,0,0,0.129422688316148,0,0,0,0,2.05314540034265e-07,0,0,0,0,2.05251595523839e-07,0,0
248,0,0,0.193833544161548,0,0,0,0,0.193833544161548,0,0,0,0,0,0,0,0,0,6.69376418175774e-05,0,0,0,0,0.000129722914642203,0,0,0,0,0.0219892316297043,0,0,0,0,0.0219892316297043,0,0,0,0,0,0,0,0,0,0,0,0,0,0,0,0,0,0,0,0.0498518892552483,0,0,0,0,0.385939720193153,0,0,0,0,0.0617503552309045,0,0,0,0,1.02845479659219e-07,0,0,0,0,1.02813949703447e-07,0,0
249,0,0,0.0725467110083956,0,0,0,0,0.0725467110083956,0,0,0,0,0,0,0,0,0,2.30203596944855e-05,0,0,0,0,4.85518171811957e-05,0,0,0,0,0.0096952439045523,0,0,0,0,0.0096952439045523,0,0,0,0,0,0,0,0,0,0,0,0,0,0,0,0,0,0,0,0.021619351602307,0,0,0,0,0.162073139333509,0,0,0,0,0.0259317022933614,0,0,0,0,3.84923121724423e-08,0,0,0,0,3.84805113533457e-08,0,0
250,0,0,0.0311900727832341,0,0,0,0,0.0311900727832341,0,0,0,0,0,0,0,0,0,1.00629657097352e-05,0,0,0,0,2.0873926475654e-05,0,0,0,0,0.00419671095412358,0,0,0,0,0.00419671095412358,0,0,0,0,0,0,0,0,0,0,0,0,0,0,0,0,0,0,0,0.00943893293487837,0,0,0,0,0.0700247307728383,0,0,0,0,0.0112039569236541,0,0,0,0,1.65490344298931e-08,0,0,0,0,1.65439608931137e-08,0,0
251,0,0,0.0419203663786326,0,0,0,0,0.0419203663786326,0,0,0,0,0,0,0,0,0,8.04600366310656e-06,0,0,0,0,2.80551652348316e-05,0,0,0,0,0.00282487701844023,0,0,0,0,0.00282487701844023,0,0,0,0,0,0,0,0,0,0,0,0,0,0,0,0,0,0,0,0.00418694961677655,0,0,0,0,0.0603487699483487,0,0,0,0,0.00965580319173579,0,0,0,0,2.22423843424513e-08,0,0,0,0,2.22355653612292e-08,0,0
252,0,0,0.0162828127993262,0,0,0,0,0.0162828127993262,0,0,0,0,0,0,0,0,0,2.71455085020832e-06,0,0,0,0,1.08972569430064e-05,0,0,0,0,0.0012335332946323,0,0,0,0,0.0012335332946323,0,0,0,0,0,0,0,0,0,0,0,0,0,0,0,0,0,0,0,0.0018019801634113,0,0,0,0,0.0250771645406395,0,0,0,0,0.00401234632650232,0,0,0,0,8.63944215533866e-09,0,0,0,0,8.63679350972045e-09,0,0
253,0,0,0.00256716448418808,0,0,0,0,0.00256716448418808,0,0,0,0,0,0,0,0,0,8.12069565040487e-07,0,0,0,0,1.71807238368027e-06,0,0,0,0,0.00035060850628786,0,0,0,0,0.00035060850628786,0,0,0,0,0,0,0,0,0,0,0,0,0,0,0,0,0,0,0,0.00078600906999148,0,0,0,0,0.00582593682058864,0,0,0,0,0.000932149891294182,0,0,0,0,1.36210305539473e-09,0,0,0,0,1.36168546728842e-09,0,0
254,0,0,0.00153856655404227,0,0,0,0,0.00153856655404227,0,0,0,0,0,0,0,0,0,5.12604472172081e-07,0,0,0,0,1.02968419952653e-06,0,0,0,0,0.000160111307428942,0,0,0,0,0.000160111307428942,0,0,0,0,0,0,0,0,0,0,0,0,0,0,0,0,0,0,0,0.000348252085424977,0,0,0,0,0.00289110027231801,0,0,0,0,0.000462576043570881,0,0,0,0,8.16342784849614e-10,0,0,0,0,8.16092513744006e-10,0,0
255,0,0,0.000557529951699366,0,0,0,0,0.000557529951699366,0,0,0,0,0,0,0,0,0,2.1411752771805e-07,0,0,0,0,3.73126388663104e-07,0,0,0,0,6.36146363562077e-05,0,0,0,0,6.36146363562077e-05,0,0,0,0,0,0,0,0,0,0,0,0,0,0,0,0,0,0,0,0.000152139962358945,0,0,0,0,0.00111448838882305,0,0,0,0,0.000178318142211689,0,0,0,0,2.95817917146032e-10,0,0,0,0,2.95727226472265e-10,0,0
256,0,0,0.000190254327818657,0,0,0,0,0.000190254327818657,0,0,0,0,0,0,0,0,0,6.78320429008224e-08,0,0,0,0,1.27327527516908e-07,0,0,0,0,2.74722798534189e-05,0,0,0,0,2.74722798534189e-05,0,0,0,0,0,0,0,0,0,0,0,0,0,0,0,0,0,0,0,6.58171623014991e-05,0,0,0,0,0.000449473121051325,0,0,0,0,7.19156993682119e-05,0,0,0,0,1.00946395456941e-10,0,0,0,0,1.00915447714807e-10,0,0
257,0,0,0.000115636590467626,0,0,0,0,0.000115636590467626,0,0,0,0,0,0,0,0,0,4.04393527587854e-08,0,0,0,0,7.7389677930282e-08,0,0,0,0,1.321141347799e-05,0,0,0,0,1.321141347799e-05,0,0,0,0,0,0,0,0,0,0,0,0,0,0,0,0,0,0,0,2.88770626829107e-05,0,0,0,0,0.000231404840975406,0,0,0,0,3.7024774556065e-05,0,0,0,0,6.13552244749126e-11,0,0,0,0,6.1336414435614e-11,0,0
258,0,0,0.000111371684298518,0,0,0,0,0.000111371684298518,0,0,0,0,0,0,0,0,0,1.8298137451632e-08,0,0,0,0,7.45353935424819e-08,0,0,0,0,8.6451021510363e-06,0,0,0,0,8.6451021510363e-06,0,0,0,0,0,0,0,0,0,0,0,0,0,0,0,0,0,0,0,1.26153890902868e-05,0,0,0,0,0.000173987337679112,0,0,0,0,2.7837974028658e-05,0,0,0,0,5.90923224444056e-11,0,0,0,0,5.90742061565599e-11,0,0
259,0,0,4.77899224575595e-05,0,0,0,0,4.77899224575595e-05,0,0,0,0,0,0,0,0,0,7.99872513598924e-09,0,0,0,0,3.1983360045012e-08,0,0,0,0,3.74306488146802e-06,0,0,0,0,3.74306488146802e-06,0,0,0,0,0,0,0,0,0,0,0,0,0,0,0,0,0,0,0,5.49262438043567e-06,0,0,0,0,7.50685052969813e-05,0,0,0,0,1.2010960847517e-05,0,0,0,0,2.53566921003532e-11,0,0,0,0,2.53489183471159e-11,0,0
260,0,0,0.179991454850527,0,0,0,0,0.179991454850527,0,0,0,0,0,0,0,0,0,8.03161527888974e-05,0,0,0,0,0.000120459109566923,0,0,0,0,0.706781795109255,0,0,0,0,0.706781795109255,0,0,0,0,0,0,0,0,0,0,0,0,0,0,0,0,0,0,0,10.6357669297551,0,0,0,0,18.6590303068401,0,0,0,0,2.98544484909441,0,0,0,0,9.55010526621496e-08,0,0,0,0,9.54717743314287e-08,0,0
261,0,0,0.118468465925126,0,0,0,0,0.118468465925126,0,0,0,0,0,0,0,0,0,4.12079919721502e-05,0,0,0,0,7.92849078804938e-05,0,0,0,0,0.0220271114531504,0,0,0,0,0.0220271114531504,0,0,0,0,0,0,0,0,0,0,0,0,0,0,0,0,0,0,0,0.114095411306069,0,0,0,0,0.339073698185159,0,0,0,0,0.0542517917096254,0,0,0,0,6.28577796235666e-08,0,0,0,0,6.28385089369207e-08,0,0
262,0,0,0.0636741599246691,0,0,0,0,0.0636741599246691,0,0,0,0,0,0,0,0,0,2.84809092456369e-05,0,0,0,0,4.26138708269074e-05,0,0,0,0,0.00720292858773012,0,0,0,0,0.00720292858773012,0,0,0,0,0,0,0,0,0,0,0,0,0,0,0,0,0,0,0,0.0171040707979212,0,0,0,0,0.12660267066539,0,0,0,0,0.0202564273064625,0,0,0,0,3.37846555284186e-08,0,0,0,0,3.37742979638653e-08,0,0
263,0,0,0.0328346776920962,0,0,0,0,0.0328346776920962,0,0,0,0,0,0,0,0,0,1.19617202535946e-05,0,0,0,0,2.19745767430538e-05,0,0,0,0,0.0034318693854691,0,0,0,0,0.0034318693854691,0,0,0,0,0,0,0,0,0,0,0,0,0,0,0,0,0,0,0,0.00747221820606398,0,0,0,0,0.0618798087860823,0,0,0,0,0.00990076940577317,0,0,0,0,1.74216397440737e-08,0,0,0,0,1.74162986874475e-08,0,0
264,0,0,0.0118030219215682,0,0,0,0,0.0118030219215682,0,0,0,0,0,0,0,0,0,3.44209708128931e-06,0,0,0,0,7.8991611687993e-06,0,0,0,0,0.00142571274212193,0,0,0,0,0.00142571274212193,0,0,0,0,0,0,0,0,0,0,0,0,0,0,0,0,0,0,0,0.00323162026587046,0,0,0,0,0.0245502699056878,0,0,0,0,0.00392804318491005,0,0,0,0,6.26252517954404e-09,0,0,0,0,6.26060523962459e-09,0,0
265,0,0,0.012239779227343,0,0,0,0,0.012239779227343,0,0,0,0,0,0,0,0,0,2.05213909811746e-06,0,0,0,0,8.19146057931393e-06,0,0,0,0,0.00096430956528216,0,0,0,0,0.00096430956528216,0,0,0,0,0,0,0,0,0,0,0,0,0,0,0,0,0,0,0,0.00140961204403441,0,0,0,0,0.0192928572340269,0,0,0,0,0.00308685715744431,0,0,0,0,6.49426275005268e-09,0,0,0,0,6.49227176495582e-09,0,0
266,0,0,0.00543946406170813,0,0,0,0,0.00543946406170813,0,0,0,0,0,0,0,0,0,8.97058327933504e-07,0,0,0,0,3.64035613767762e-06,0,0,0,0,0.000422388904979827,0,0,0,0,0.000422388904979827,0,0,0,0,0,0,0,0,0,0,0,0,0,0,0,0,0,0,0,0.000618464030750516,0,0,0,0,0.0084990723894686,0,0,0,0,0.00135985158231498,0,0,0,0,2.88610670013448e-09,0,0,0,0,2.88522188908678e-09,0,0
267,0,0,0.000782744191898785,0,0,0,0,0.000782744191898785,0,0,0,0,0,0,0,0,0,2.77773209236474e-07,0,0,0,0,5.23850804212399e-07,0,0,0,0,0.000116493194345047,0,0,0,0,0.000116493194345047,0,0,0,0,0,0,0,0,0,0,0,0,0,0,0,0,0,0,0,0.0002687761647415,0,0,0,0,0.00189128507753858,0,0,0,0,0.000302605612406173,0,0,0,0,4.15313573378224e-10,0,0,0,0,4.15186248204152e-10,0,0
268,0,0,0.000459880329775691,0,0,0,0,0.000459880329775691,0,0,0,0,0,0,0,0,0,2.10407278539653e-07,0,0,0,0,3.07774472283291e-07,0,0,0,0,4.93506901975486e-05,0,0,0,0,4.93506901975486e-05,0,0,0,0,0,0,0,0,0,0,0,0,0,0,0,0,0,0,0,0.00011944782644168,0,0,0,0,0.000882304173249101,0,0,0,0,0.000141168667719856,0,0,0,0,2.44006337015651e-10,0,0,0,0,2.43931530528874e-10,0,0
269,0,0,0.000222585570490612,0,0,0,0,0.000222585570490612,0,0,0,0,0,0,0,0,0,5.68678716173875e-08,0,0,0,0,1.48965180852674e-07,0,0,0,0,2.51223633884132e-05,0,0,0,0,2.51223633884132e-05,0,0,0,0,0,0,0,0,0,0,0,0,0,0,0,0,0,0,0,5.15334787696087e-05,0,0,0,0,0.000441721261960816,0,0,0,0,7.06754019137305e-05,0,0,0,0,1.18100919329262e-10,0,0,0,0,1.18064712421817e-10,0,0
270,0,0,9.7698738620701e-05,0,0,0,0,9.7698738620701e-05,0,0,0,0,0,0,0,0,0,2.76882484757594e-08,0,0,0,0,6.53847876824734e-08,0,0,0,0,1.04795937913299e-05,0,0,0,0,1.04795937913299e-05,0,0,0,0,0,0,0,0,0,0,0,0,0,0,0,0,0,0,0,2.25546971455001e-05,0,0,0,0,0.000187304101641215,0,0,0,0,2.99686562625944e-05,0,0,0,0,5.1837640791278e-11,0,0,0,0,5.18217486147148e-11,0,0
271,0,0,3.44024658443514e-05,0,0,0,0,3.44024658443514e-05,0,0,0,0,0,0,0,0,0,1.30187309970863e-08,0,0,0,0,2.30238174693265e-08,0,0,0,0,4.33055245848001e-06,0,0,0,0,4.33055245848001e-06,0,0,0,0,0,0,0,0,0,0,0,0,0,0,0,0,0,0,0,9.93508155983826e-06,0,0,0,0,7.36642259290189e-05,0,0,0,0,1.1786276148643e-05,0,0,0,0,1.8253487117139e-11,0,0,0,0,1.82478910360726e-11,0,0
272,0,0,4.14870728547505e-05,0,0,0,0,4.14870728547505e-05,0,0,0,0,0,0,0,0,0,6.68683192974661e-09,0,0,0,0,2.77651839570465e-08,0,0,0,0,2.95387418242508e-06,0,0,0,0,2.95387418242508e-06,0,0,0,0,0,0,0,0,0,0,0,0,0,0,0,0,0,0,0,4.3522170547843e-06,0,0,0,0,6.16191596421283e-05,0,0,0,0,9.85906554274053e-06,0,0,0,0,2.20124846081734e-11,0,0,0,0,2.20057361086922e-11,0,0
273,0,0,1.7339649218439e-05,0,0,0,0,1.7339649218439e-05,0,0,0,0,0,0,0,0,0,2.83199392094511e-09,0,0,0,0,1.16045437089806e-08,0,0,0,0,1.2881689956398e-06,0,0,0,0,1.2881689956398e-06,0,0,0,0,0,0,0,0,0,0,0,0,0,0,0,0,0,0,0,1.87531435496151e-06,0,0,0,0,2.63982497833228e-05,0,0,0,0,4.22371996533165e-06,0,0,0,0,9.20018538951486e-12,0,0,0,0,9.19736483347889e-12,0,0
274,0,0,2.56098395434088e-06,0,0,0,0,2.56098395434088e-06,0,0,0,0,0,0,0,0,0,8.47203164900269e-10,0,0,0,0,1.71393606997214e-09,0,0,0,0,3.4866484745301e-07,0,0,0,0,3.4866484745301e-07,0,0,0,0,0,0,0,0,0,0,0,0,0,0,0,0,0,0,0,8.22796381092935e-07,0,0,0,0,5.7969389135839e-06,0,0,0,0,9.27510226173423e-07,0,0,0,0,1.35882374912484e-12,0,0,0,0,1.35840716637513e-12,0,0
275,0,0,1.65578586061305e-06,0,0,0,0,1.65578586061305e-06,0,0,0,0,0,0,0,0,0,4.59980072815011e-10,0,0,0,0,1.10813310869999e-09,0,0,0,0,1.67587766963082e-07,0,0,0,0,1.67587766963082e-07,0,0,0,0,0,0,0,0,0,0,0,0,0,0,0,0,0,0,0,3.61219018549547e-07,0,0,0,0,3.05403984378864e-06,0,0,0,0,4.88646375006182e-07,0,0,0,0,8.78537777268188e-13,0,0,0,0,8.78268438670584e-13,0,0
276,0,0,5.13738354155852e-07,0,0,0,0,5.13738354155852e-07,0,0,0,0,0,0,0,0,0,1.61888256060315e-10,0,0,0,0,3.43818903755082e-10,0,0,0,0,6.75220288246193e-08,0,0,0,0,6.75220288246193e-08,0,0,0,0,0,0,0,0,0,0,0,0,0,0,0,0,0,0,0,1.5669302614754e-07,0,0,0,0,1.13382207256578e-06,0,0,0,0,1.81411531610525e-07,0,0,0,0,2.72582682636505e-13,0,0,0,0,2.72499115327993e-13,0,0
277,0,0,2.76318437948084e-07,0,0,0,0,2.76318437948084e-07,0,0,0,0,0,0,0,0,0,9.76473458188773e-11,0,0,0,0,1.84925851173272e-10,0,0,0,0,3.0500167413346e-08,0,0,0,0,3.0500167413346e-08,0,0,0,0,0,0,0,0,0,0,0,0,0,0,0,0,0,0,0,6.93827529005345e-08,0,0,0,0,5.40163255243759e-07,0,0,0,0,8.64261208390014e-08,0,0,0,0,1.46610858365011e-13,0,0,0,0,1.46565910994497e-13,0,0
278,0,0,1.158886804275e-07,0,0,0,0,1.158886804275e-07,0,0,0,0,0,0,0,0,0,3.20197208333737e-11,0,0,0,0,7.75583888956017e-11,0,0,0,0,1.33715497258644e-08,0,0,0,0,1.33715497258644e-08,0,0,0,0,0,0,0,0,0,0,0,0,0,0,0,0,0,0,0,3.00433199710177e-08,0,0,0,0,2.33451843120317e-07,0,0,0,0,3.73522948992507e-08,0,0,0,0,6.14889800276609e-14,0,0,0,0,6.14701289821199e-14,0,0
279,0,0,1.16861705224e-07,0,0,0,0,1.16861705224e-07,0,0,0,0,0,0,0,0,0,1.90897930770621e-11,0,0,0,0,7.82095848130432e-11,0,0,0,0,8.92634270295128e-09,0,0,0,0,8.92634270295128e-09,0,0,0,0,0,0,0,0,0,0,0,0,0,0,0,0,0,0,0,1.31934695953467e-08,0,0,0,0,1.80803293136572e-07,0,0,0,0,2.89285269018515e-08,0,0,0,0,6.20052539386049e-14,0,0,0,0,6.19862446158734e-14,0,0
280,0,0,5.33158343593871e-08,0,0,0,0,5.33158343593871e-08,0,0,0,0,0,0,0,0,0,8.34478416887787e-12,0,0,0,0,3.56815713172759e-11,0,0,0,0,3.92349847705853e-09,0,0,0,0,3.92349847705853e-09,0,0,0,0,0,0,0,0,0,0,0,0,0,0,0,0,0,0,0,5.78670993295525e-09,0,0,0,0,8.07133787055353e-08,0,0,0,0,1.29141405928856e-08,0,0,0,0,2.82886668653835e-14,0,0,0,0,2.82799942390506e-14,0,0
281,0,0,1.01931421333528e-08,0,0,0,0,1.01931421333528e-08,0,0,0,0,0,0,0,0,0,2.6746022394442e-12,0,0,0,0,6.82175065528765e-12,0,0,0,0,1.15299088034049e-09,0,0,0,0,1.15299088034049e-09,0,0,0,0,0,0,0,0,0,0,0,0,0,0,0,0,0,0,0,2.52262327104655e-09,0,0,0,0,2.02574249323157e-08,0,0,0,0,3.24118798917052e-09,0,0,0,0,5.4083445487926e-15,0,0,0,0,5.40668648015421e-15,0,0
282,0,0,4.88705849080734e-09,0,0,0,0,4.88705849080734e-09,0,0,0,0,0,0,0,0,0,1.70356725355488e-12,0,0,0,0,3.27065923597872e-12,0,0,0,0,4.94506673460115e-10,0,0,0,0,4.94506673460115e-10,0,0,0,0,0,0,0,0,0,0,0,0,0,0,0,0,0,0,0,1.10879031098581e-09,0,0,0,0,9.0123218355883e-09,0,0,0,0,1.44197149369413e-09,0,0,0,0,2.59300771073372e-15,0,0,0,0,2.5922127568018e-15,0,0
283,0,0,1.83483663171158e-09,0,0,0,0,1.83483663171158e-09,0,0,0,0,0,0,0,0,0,7.12977813657752e-13,0,0,0,0,1.22796266656268e-12,0,0,0,0,2.02309495398152e-10,0,0,0,0,2.02309495398152e-10,0,0,0,0,0,0,0,0,0,0,0,0,0,0,0,0,0,0,0,4.84381280202136e-10,0,0,0,0,3.58278783409623e-09,0,0,0,0,5.73246053455397e-10,0,0,0,0,9.73539715743989e-16,0,0,0,0,9.73241251832096e-16,0,0
284,0,0,9.77721607132138e-10,0,0,0,0,9.77721607132138e-10,0,0,0,0,0,0,0,0,0,3.15379361165922e-13,0,0,0,0,6.54339253478919e-13,0,0,0,0,1.01497908737259e-10,0,0,0,0,1.01497908737259e-10,0,0,0,0,0,0,0,0,0,0,0,0,0,0,0,0,0,0,0,2.10128886460626e-10,0,0,0,0,1.83438134750113e-09,0,0,0,0,2.9350101560018e-10,0,0,0,0,5.18765975691398e-16,0,0,0,0,5.18606934493635e-16,0,0
285,0,0,4.36798991465974e-10,0,0,0,0,4.36798991465974e-10,0,0,0,0,0,0,0,0,0,1.39267284890579e-13,0,0,0,0,2.92327308623714e-13,0,0,0,0,4.38971901964596e-11,0,0,0,0,4.38971901964596e-11,0,0,0,0,0,0,0,0,0,0,0,0,0,0,0,0,0,0,0,9.25864047050393e-11,0,0,0,0,8.01965261877073e-10,0,0,0,0,1.28314441900332e-10,0,0,0,0,2.31759688377472e-16,0,0,0,0,2.31688636419248e-16,0,0
286,0,0,3.90368541690341e-10,0,0,0,0,3.90368541690341e-10,0,0,0,0,0,0,0,0,0,7.27893521796602e-14,0,0,0,0,2.61253774375051e-13,0,0,0,0,2.74992765821182e-11,0,0,0,0,2.74992765821182e-11,0,0,0,0,0,0,0,0,0,0,0,0,0,0,0,0,0,0,0,4.0583374001177e-11,0,0,0,0,5.76357961340188e-10,0,0,0,0,9.22172738144301e-11,0,0,0,0,2.0712431425467e-16,0,0,0,0,2.07060814910903e-16,0,0
287,0,0,1.55733589502528e-10,0,0,0,0,1.55733589502528e-10,0,0,0,0,0,0,0,0,0,2.63435883791239e-14,0,0,0,0,1.04224556308598e-13,0,0,0,0,1.19367748469375e-11,0,0,0,0,1.19367748469375e-11,0,0,0,0,0,0,0,0,0,0,0,0,0,0,0,0,0,0,0,1.7449806696292e-11,0,0,0,0,2.41529590849553e-10,0,0,0,0,3.86447345359285e-11,0,0,0,0,8.26301545520451e-17,0,0,0,0,8.26048221297832e-17,0,0
288,0,0,2.88314319513766e-11,0,0,0,0,2.88314319513766e-11,0,0,0,0,0,0,0,0,0,8.4434323342452e-15,0,0,0,0,1.92954083475035e-14,0,0,0,0,3.51606211323922e-12,0,0,0,0,3.51606211323922e-12,0,0,0,0,0,0,0,0,0,0,0,0,0,0,0,0,0,0,0,7.67728178531553e-12,0,0,0,0,6.03765620123089e-11,0,0,0,0,9.66024992196943e-12,0,0,0,0,1.52975712285907e-17,0,0,0,0,1.52928813603937e-17,0,0
289,0,0,8.78271519595371e-12,0,0,0,0,8.78271519595371e-12,0,0,0,0,0,0,0,0,0,3.44495911601662e-15,0,0,0,0,5.87782377203987e-15,0,0,0,0,1.32538154619867e-12,0,0,0,0,1.32538154619867e-12,0,0,0,0,0,0,0,0,0,0,0,0,0,0,0,0,0,0,0,3.33337725923725e-12,0,0,0,0,2.14453295678214e-11,0,0,0,0,3.43125273085142e-12,0,0,0,0,4.65999092646915e-18,0,0,0,0,4.65856228509088e-18,0,0
290,0,0,5.59421241824912e-12,0,0,0,0,5.59421241824912e-12,0,0,0,0,0,0,0,0,0,1.64300782597472e-15,0,0,0,0,3.74392132776596e-15,0,0,0,0,6.41040430213076e-13,0,0,0,0,6.41040430213076e-13,0,0,0,0,0,0,0,0,0,0,0,0,0,0,0,0,0,0,0,1.47241037941903e-12,0,0,0,0,1.12193415409211e-11,0,0,0,0,1.79509464654738e-12,0,0,0,0,2.96821410328689e-18,0,0,0,0,2.96730412007997e-18,0,0
291,0,0,1.7122779190159e-12,0,0,0,0,1.7122779190159e-12,0,0,0,0,0,0,0,0,0,6.58281798978721e-16,0,0,0,0,1.14594036493036e-15,0,0,0,0,2.64154748775028e-13,0,0,0,0,2.64154748775028e-13,0,0,0,0,0,0,0,0,0,0,0,0,0,0,0,0,0,0,0,6.38138853834046e-13,0,0,0,0,4.2494589386193e-12,0,0,0,0,6.79913430179088e-13,0,0,0,0,9.08511706024997e-19,0,0,0,0,9.08233178140211e-19,0,0
292,0,0,8.27178823528265e-13,0,0,0,0,8.27178823528265e-13,0,0,0,0,0,0,0,0,0,2.87756892523818e-16,0,0,0,0,5.53588639069429e-16,0,0,0,0,1.20195318276238e-13,0,0,0,0,1.20195318276238e-13,0,0,0,0,0,0,0,0,0,0,0,0,0,0,0,0,0,0,0,2.78436477596515e-13,0,0,0,0,1.96358925256389e-12,0,0,0,0,3.14174280410222e-13,0,0,0,0,4.38889993152119e-19,0,0,0,0,4.38755440013579e-19,0,0
293,0,0,1.10264256814815e-12,0,0,0,0,1.10264256814815e-12,0,0,0,0,0,0,0,0,0,1.83805396196802e-16,0,0,0,0,7.3794248754761e-16,0,0,0,0,8.31869074994402e-14,0,0,0,0,8.31869074994402e-14,0,0,0,0,0,0,0,0,0,0,0,0,0,0,0,0,0,0,0,1.21901554011946e-13,0,0,0,0,1.69399271183253e-12,0,0,0,0,2.71038833893204e-13,0,0,0,0,5.85047362696707e-19,0,0,0,0,5.84868001216441e-19,0,0
294,0,0,5.01621751226008e-13,0,0,0,0,5.01621751226008e-13,0,0,0,0,0,0,0,0,0,8.03474586731064e-17,0,0,0,0,3.35709878795441e-16,0,0,0,0,3.63553684593331e-14,0,0,0,0,3.63553684593331e-14,0,0,0,0,0,0,0,0,0,0,0,0,0,0,0,0,0,0,0,5.37467047539815e-14,0,0,0,0,7.52689145290283e-13,0,0,0,0,1.20430263246445e-13,0,0,0,0,2.66153775578388e-19,0,0,0,0,2.66072179218486e-19,0,0
295,0,0,6.47076489743598e-14,0,0,0,0,6.47076489743598e-14,0,0,0,0,0,0,0,0,0,2.4036287922833e-17,0,0,0,0,4.33055323881537e-17,0,0,0,0,1.0010695317891e-14,0,0,0,0,1.0010695317891e-14,0,0,0,0,0,0,0,0,0,0,0,0,0,0,0,0,0,0,0,2.32577551315311e-14,0,0,0,0,1.6096745539054e-13,0,0,0,0,2.57547928624864e-14,0,0,0,0,3.43330109614153e-20,0,0,0,0,3.43224852842468e-20,0,0
296,0,0,3.50651917294282e-14,0,0,0,0,3.50651917294282e-14,0,0,0,0,0,0,0,0,0,1.12571934139484e-17,0,0,0,0,2.34673461361157e-17,0,0,0,0,4.72396717835034e-15,0,0,0,0,4.72396717835034e-15,0,0,0,0,0,0,0,0,0,0,0,0,0,0,0,0,0,0,0,1.01730105406479e-14,0,0,0,0,7.88241402804e-14,0,0,0,0,1.2611862444864e-14,0,0,0,0,1.86051205860937e-20,0,0,0,0,1.85994167026449e-20,0,0
297,0,0,1.52463903338507e-14,0,0,0,0,1.52463903338507e-14,0,0,0,0,0,0,0,0,0,4.75411402833917e-18,0,0,0,0,1.02036321960427e-17,0,0,0,0,2.03438679488109e-15,0,0,0,0,2.03438679488109e-15,0,0,0,0,0,0,0,0,0,0,0,0,0,0,0,0,0,0,0,4.44833234321971e-15,0,0,0,0,3.40220731624291e-14,0,0,0,0,5.44353170598866e-15,0,0,0,0,8.08953029125704e-21,0,0,0,0,8.08705023541847e-21,0,0
298,0,0,6.17430463208224e-15,0,0,0,0,6.17430463208224e-15,0,0,0,0,0,0,0,0,0,2.00774734548369e-18,0,0,0,0,4.13214748885273e-18,0,0,0,0,8.43345599628178e-16,0,0,0,0,8.43345599628178e-16,0,0,0,0,0,0,0,0,0,0,0,0,0,0,0,0,0,0,0,1.95170439975733e-15,0,0,0,0,1.40078766666583e-14,0,0,0,0,2.24126026666533e-15,0,0,0,0,3.27600325421179e-21,0,0,0,0,3.27499891023812e-21,0,0
299,0,0,3.05388678997869e-15,0,0,0,0,3.05388678997869e-15,0,0,0,0,0,0,0,0,0,9.08442344228383e-19,0,0,0,0,2.04381082282221e-18,0,0,0,0,3.69269071448284e-16,0,0,0,0,3.69269071448284e-16,0,0,0,0,0,0,0,0,0,0,0,0,0,0,0,0,0,0,0,8.55250367086176e-16,0,0,0,0,6.35588313050453e-15,0,0,0,0,1.01694130088072e-15,0,0,0,0,1.62035138499323e-21,0,0,0,0,1.61985462414702e-21,0,0
300,0,0,3.24470338271726e-15,0,0,0,0,3.24470338271726e-15,0,0,0,0,0,0,0,0,0,5.41602984735763e-19,0,0,0,0,2.17151464560074e-18,0,0,0,0,2.54987805405657e-16,0,0,0,0,2.54987805405657e-16,0,0,0,0,0,0,0,0,0,0,0,0,0,0,0,0,0,0,0,3.71225013445041e-16,0,0,0,0,5.10743007225912e-15,0,0,0,0,8.1718881156146e-16,0,0,0,0,1.72159611067796e-21,0,0,0,0,1.72106831062874e-21,0,0
301,0,0,1.44393444904558e-15,0,0,0,0,1.44393444904558e-15,0,0,0,0,0,0,0,0,0,2.36752697873431e-19,0,0,0,0,9.66351753473406e-19,0,0,0,0,1.11568401550988e-16,0,0,0,0,1.11568401550988e-16,0,0,0,0,0,0,0,0,0,0,0,0,0,0,0,0,0,0,0,1.63476009695528e-16,0,0,0,0,2.24936803394474e-15,0,0,0,0,3.59898885431158e-16,0,0,0,0,7.66132258742561e-22,0,0,0,0,7.65897380979205e-22,0,0
302,0,0,0,0,0,0,0,0,0,0,0,0,0,0,0,0,0,0,0,0,0,0,0,0,0,0,0,2.14339075931719e-17,0,0,0,0,2.14339075931719e-17,0,0,0,0,0,0,0,0,0,0,0,0,0,0,0,0,0,0,0,7.09357241833002e-17,0,0,0,0,2.57206891118063e-16,0,0,0,0,4.11531025788901e-17,0,0,0,0,0,0,0,0,0,0,0,0
303,0,0,0,0,0,0,0,0,0,0,0,0,0,0,0,0,0,0,0,0,0,0,0,0,0,0,0,0,0,0,0,0,0,0,0,0,0,0,0,0,0,0,0,0,0,0,0,0,0,0,0,0,0,0,0,0,0,0,0,0,0,0,0,0,0,0,0,0,0,0,0,0,0,0,0
304,0,0,0,0,0,0,0,0,0,0,0,0,0,0,0,0,0,0,0,0,0,0,0,0,0,0,0,0,0,0,0,0,0,0,0,0,0,0,0,0,0,0,0,0,0,0,0,0,0,0,0,0,0,0,0,0,0,0,0,0,0,0,0,0,0,0,0,0,0,0,0,0,0,0,0
305,0,0,0,0,0,0,0,0,0,0,0,0,0,0,0,0,0,0,0,0,0,0,0,0,0,0,0,0,0,0,0,0,0,0,0,0,0,0,0,0,0,0,0,0,0,0,0,0,0,0,0,0,0,0,0,0,0,0,0,0,0,0,0,0,0,0,0,0,0,0,0,0,0,0,0
306,0,0,0,0,0,0,0,0,0,0,0,0,0,0,0,0,0,0,0,0,0,0,0,0,0,0,0,0,0,0,0,0,0,0,0,0,0,0,0,0,0,0,0,0,0,0,0,0,0,0,0,0,0,0,0,0,0,0,0,0,0,0,0,0,0,0,0,0,0,0,0,0,0,0,0
307,0,0,0,0,0,0,0,0,0,0,0,0,0,0,0,0,0,0,0,0,0,0,0,0,0,0,0,0,0,0,0,0,0,0,0,0,0,0,0,0,0,0,0,0,0,0,0,0,0,0,0,0,0,0,0,0,0,0,0,0,0,0,0,0,0,0,0,0,0,0,0,0,0,0,0
308,0,0,0,0,0,0,0,0,0,0,0,0,0,0,0,0,0,0,0,0,0,0,0,0,0,0,0,0,0,0,0,0,0,0,0,0,0,0,0,0,0,0,0,0,0,0,0,0,0,0,0,0,0,0,0,0,0,0,0,0,0,0,0,0,0,0,0,0,0,0,0,0,0,0,0
309,0,0,0,0,0,0,0,0,0,0,0,0,0,0,0,0,0,0,0,0,0,0,0,0,0,0,0,0,0,0,0,0,0,0,0,0,0,0,0,0,0,0,0,0,0,0,0,0,0,0,0,0,0,0,0,0,0,0,0,0,0,0,0,0,0,0,0,0,0,0,0,0,0,0,0
310,0,0,0,0,0,0,0,0,0,0,0,0,0,0,0,0,0,0,0,0,0,0,0,0,0,0,0,0,0,0,0,0,0,0,0,0,0,0,0,0,0,0,0,0,0,0,0,0,0,0,0,0,0,0,0,0,0,0,0,0,0,0,0,0,0,0,0,0,0,0,0,0,0,0,0
311,0,0,0,0,0,0,0,0,0,0,0,0,0,0,0,0,0,0,0,0,0,0,0,0,0,0,0,0,0,0,0,0,0,0,0,0,0,0,0,0,0,0,0,0,0,0,0,0,0,0,0,0,0,0,0,0,0,0,0,0,0,0,0,0,0,0,0,0,0,0,0,0,0,0,0
312,0,0,96.488021321432,0,0,0,0,96.488021321432,0,0,0,0,0,0,0,0,0,0.0380819749571759,0,0,0,0,0.0645745162841543,0,0,0,0,53.2507923416142,0,0,0,0,53.2507923416142,0,0,0,0,0,0,0,0,0,0,0,0,0,0,0,0,0,0,0,1170.2427375112,0,0,0,0,1405.82091781862,0,0,0,0,224.931346850978,0,0,0,0,5.11952504252882e-05,0,0,0,0,5.11795551901938e-05,0,0
313,0,0,63.6165863289114,0,0,0,0,63.6165863289114,0,0,0,0,0,0,0,0,0,0.0172663684670055,0,0,0,0,0.0425753397528334,0,0,0,0,7.45011823512888,0,0,0,0,7.45011823512888,0,0,0,0,0,0,0,0,0,0,0,0,0,0,0,0,0,0,0,19.8682486438166,0,0,0,0,130.082980982527,0,0,0,0,20.8132769572044,0,0,0,0,3.37541077504423e-05,0,0,0,0,3.37437595511046e-05,0,0
314,0,0,70.3571795912862,0,0,0,0,70.3571795912862,0,0,0,0,0,0,0,0,0,0.0110289337264379,0,0,0,0,0.0470864753676478,0,0,0,0,5.01493949563394,0,0,0,0,5.01493949563394,0,0,0,0,0,0,0,0,0,0,0,0,0,0,0,0,0,0,0,7.39108312163477,0,0,0,0,104.565040417488,0,0,0,0,16.7304064667981,0,0,0,0,3.73305761592274e-05,0,0,0,0,3.73191315005108e-05,0,0
315,0,0,29.3481018035693,0,0,0,0,29.3481018035693,0,0,0,0,0,0,0,0,0,0.00465771588160807,0,0,0,0,0.0196411891535251,0,0,0,0,2.18814236345684,0,0,0,0,2.18814236345684,0,0,0,0,0,0,0,0,0,0,0,0,0,0,0,0,0,0,0,3.22793458448956,0,0,0,0,44.7685129476034,0,0,0,0,7.16296207161654,0,0,0,0,1.55717093247807e-05,0,0,0,0,1.55669354124228e-05,0,0
316,0,0,3.75657959466937,0,0,0,0,3.75657959466937,0,0,0,0,0,0,0,0,0,0.00144225703932361,0,0,0,0,0.00251408731246121,0,0,0,0,0.593647718862836,0,0,0,0,0.593647718862836,0,0,0,0,0,0,0,0,0,0,0,0,0,0,0,0,0,0,0,1.39683375463993,0,0,0,0,9.49301059913815,0,0,0,0,1.5188816958621,0,0,0,0,1.99319076562831e-06,0,0,0,0,1.99257970117615e-06,0,0
317,0,0,2.32752445719559,0,0,0,0,2.32752445719559,0,0,0,0,0,0,0,0,0,0.00066022565326089,0,0,0,0,0.00155769352407229,0,0,0,0,0.268513840045275,0,0,0,0,0.268513840045275,0,0,0,0,0,0,0,0,0,0,0,0,0,0,0,0,0,0,0,0.613989276282171,0,0,0,0,4.68755963468464,0,0,0,0,0.750009541549542,0,0,0,0,1.23495327010757e-06,0,0,0,0,1.23457466307383e-06,0,0
318,0,0,1.24445517313746,0,0,0,0,1.24445517313746,0,0,0,0,0,0,0,0,0,0.00042449681408443,0,0,0,0,0.000832850438242069,0,0,0,0,0.120715269537245,0,0,0,0,0.120715269537245,0,0,0,0,0,0,0,0,0,0,0,0,0,0,0,0,0,0,0,0.270615836770443,0,0,0,0,2.23235871293636,0,0,0,0,0.357177394069818,0,0,0,0,6.60291229515203e-07,0,0,0,0,6.60088800071224e-07,0,0
319,0,0,0.439338659882313,0,0,0,0,0.439338659882313,0,0,0,0,0,0,0,0,0,0.000124697788508129,0,0,0,0,0.000294026979290199,0,0,0,0,0.053646863845999,0,0,0,0,0.053646863845999,0,0,0,0,0,0,0,0,0,0,0,0,0,0,0,0,0,0,0,0.117540177774856,0,0,0,0,0.920762466511363,0,0,0,0,0.147321994641818,0,0,0,0,2.33107202387926e-07,0,0,0,0,2.33035737314246e-07,0,0
320,0,0,0.162257663168095,0,0,0,0,0.162257663168095,0,0,0,0,0,0,0,0,0,5.26621053623202e-05,0,0,0,0,0.000108590786389664,0,0,0,0,0.0224464201347275,0,0,0,0,0.0224464201347275,0,0,0,0,0,0,0,0,0,0,0,0,0,0,0,0,0,0,0,0.0511135483435648,0,0,0,0,0.371551003824646,0,0,0,0,0.0594481606119434,0,0,0,0,8.60917405658062e-08,0,0,0,0,8.60653469043505e-08,0,0
321,0,0,0.21540244157336,0,0,0,0,0.21540244157336,0,0,0,0,0,0,0,0,0,3.36380444471121e-05,0,0,0,0,0.000144157878672717,0,0,0,0,0.0153268696186426,0,0,0,0,0.0153268696186426,0,0,0,0,0,0,0,0,0,0,0,0,0,0,0,0,0,0,0,0.022487706277958,0,0,0,0,0.319776635110598,0,0,0,0,0.0511642616176956,0,0,0,0,1.14289647435409e-07,0,0,0,0,1.14254608972457e-07,0,0
322,0,0,0.0899624655112794,0,0,0,0,0.0899624655112794,0,0,0,0,0,0,0,0,0,1.4704309242176e-05,0,0,0,0,6.02072942792374e-05,0,0,0,0,0.00668536652710684,0,0,0,0,0.00668536652710684,0,0,0,0,0,0,0,0,0,0,0,0,0,0,0,0,0,0,0,0.00973702732823778,0,0,0,0,0.136984007179909,0,0,0,0,0.0219174411487855,0,0,0,0,4.77328780054825e-08,0,0,0,0,4.77182442506751e-08,0,0
323,0,0,0.0163347460143983,0,0,0,0,0.0163347460143983,0,0,0,0,0,0,0,0,0,4.5531745713948e-06,0,0,0,0,1.09320131976838e-05,0,0,0,0,0.00202471744832659,0,0,0,0,0.00202471744832659,0,0,0,0,0,0,0,0,0,0,0,0,0,0,0,0,0,0,0,0.00426294274735442,0,0,0,0,0.0345837484636666,0,0,0,0,0.00553339975418666,0,0,0,0,8.66699722294803e-09,0,0,0,0,8.66434012960741e-09,0,0
324,0,0,0.00719913334122188,0,0,0,0,0.00719913334122188,0,0,0,0,0,0,0,0,0,2.65329157998009e-06,0,0,0,0,4.81801312544142e-06,0,0,0,0,0.000817961625112638,0,0,0,0,0.000817961625112638,0,0,0,0,0,0,0,0,0,0,0,0,0,0,0,0,0,0,0,0.00188528088012033,0,0,0,0,0.0143503838423837,0,0,0,0,0.0022960614147814,0,0,0,0,3.81976362662783e-09,0,0,0,0,3.81859257877423e-09,0,0
325,0,0,0.00236988083444324,0,0,0,0,0.00236988083444324,0,0,0,0,0,0,0,0,0,8.70045723906196e-07,0,0,0,0,1.58604048916555e-06,0,0,0,0,0.000359077691721032,0,0,0,0,0.000359077691721032,0,0,0,0,0,0,0,0,0,0,0,0,0,0,0,0,0,0,0,0.000813332359552935,0,0,0,0,0.00580496384647522,0,0,0,0,0.000928794215436034,0,0,0,0,1.25742699597119e-09,0,0,0,0,1.25704149903248e-09,0,0
326,0,0,0.00162308183680583,0,0,0,0,0.00162308183680583,0,0,0,0,0,0,0,0,0,4.71633113819907e-07,0,0,0,0,1.08624597194484e-06,0,0,0,0,0.000163291513511654,0,0,0,0,0.000163291513511654,0,0,0,0,0,0,0,0,0,0,0,0,0,0,0,0,0,0,0,0.000359920905744957,0,0,0,0,0.00298179780110846,0,0,0,0,0.000477087648177354,0,0,0,0,8.61185460723655e-10,0,0,0,0,8.60921441929848e-10,0,0
327,0,0,0.000537053661523031,0,0,0,0,0.000537053661523031,0,0,0,0,0,0,0,0,0,1.66253138292382e-07,0,0,0,0,3.59422650983315e-07,0,0,0,0,6.88471008213901e-05,0,0,0,0,6.88471008213901e-05,0,0,0,0,0,0,0,0,0,0,0,0,0,0,0,0,0,0,0,0.000156039182919917,0,0,0,0,0.00116478282569824,0,0,0,0,0.000186365252111719,0,0,0,0,2.84953472119574e-10,0,0,0,0,2.84866112223906e-10,0,0
328,0,0,0.000599342249268772,0,0,0,0,0.000599342249268772,0,0,0,0,0,0,0,0,0,9.91182285732427e-08,0,0,0,0,4.01109228950386e-07,0,0,0,0,4.6326868441997e-05,0,0,0,0,4.6326868441997e-05,0,0,0,0,0,0,0,0,0,0,0,0,0,0,0,0,0,0,0,6.81470611712014e-05,0,0,0,0,0.000934029789097363,0,0,0,0,0.000149444766255578,0,0,0,0,3.18002961627268e-10,0,0,0,0,3.17905469551304e-10,0,0
329,0,0,0.000277945101006873,0,0,0,0,0.000277945101006873,0,0,0,0,0,0,0,0,0,4.48478719811974e-08,0,0,0,0,1.86014493874615e-07,0,0,0,0,2.03246679568824e-05,0,0,0,0,2.03246679568824e-05,0,0,0,0,0,0,0,0,0,0,0,0,0,0,0,0,0,0,0,2.99542217372532e-05,0,0,0,0,0.000419212639639054,0,0,0,0,6.70740223422487e-05,0,0,0,0,1.47473943974103e-10,0,0,0,0,1.47428732002255e-10,0,0
330,0,0,3.80389063399252e-05,0,0,0,0,3.80389063399252e-05,0,0,0,0,0,0,0,0,0,1.34164338420729e-08,0,0,0,0,2.54575018042506e-08,0,0,0,0,5.52991825567934e-06,0,0,0,0,5.52991825567934e-06,0,0,0,0,0,0,0,0,0,0,0,0,0,0,0,0,0,0,0,1.30659600059257e-05,0,0,0,0,9.03258717325885e-05,0,0,0,0,1.44521394772142e-05,0,0,0,0,2.0182933687583e-11,0,0,0,0,2.01767460845048e-11,0,0
331,0,0,2.19808307012288e-05,0,0,0,0,2.19808307012288e-05,0,0,0,0,0,0,0,0,0,6.07051312412095e-09,0,0,0,0,1.47106499917463e-08,0,0,0,0,2.66128420961657e-06,0,0,0,0,2.66128420961657e-06,0,0,0,0,0,0,0,0,0,0,0,0,0,0,0,0,0,0,0,5.70456511839177e-06,0,0,0,0,4.57741105431656e-05,0,0,0,0,7.3238576869065e-06,0,0,0,0,1.16627340564535e-11,0,0,0,0,1.16591585420974e-11,0,0
332,0,0,1.00362712651148e-05,0,0,0,0,1.00362712651148e-05,0,0,0,0,0,0,0,0,0,3.2084275059714e-09,0,0,0,0,6.71676497626957e-09,0,0,0,0,1.12897040937472e-06,0,0,0,0,1.12897040937472e-06,0,0,0,0,0,0,0,0,0,0,0,0,0,0,0,0,0,0,0,2.51048749755902e-06,0,0,0,0,1.98783281458455e-05,0,0,0,0,3.18053250333528e-06,0,0,0,0,5.3251109693919e-12,0,0,0,0,5.32347841817135e-12,0,0
333,0,0,3.57745109660677e-06,0,0,0,0,3.57745109660677e-06,0,0,0,0,0,0,0,0,0,1.15998714803064e-09,0,0,0,0,2.39420573590192e-09,0,0,0,0,4.72532968735409e-07,0,0,0,0,4.72532968735409e-07,0,0,0,0,0,0,0,0,0,0,0,0,0,0,0,0,0,0,0,1.09273538030196e-06,0,0,0,0,7.92606325144481e-06,0,0,0,0,1.26817012023117e-06,0,0,0,0,1.89814758626753e-12,0,0,0,0,1.89756565977312e-12,0,0
334,0,0,1.4703412948852e-06,0,0,0,0,1.4703412948852e-06,0,0,0,0,0,0,0,0,0,4.89883310196352e-10,0,0,0,0,9.84024509877057e-10,0,0,0,0,1.93046976995451e-07,0,0,0,0,1.93046976995451e-07,0,0,0,0,0,0,0,0,0,0,0,0,0,0,0,0,0,0,0,4.76647625159221e-07,0,0,0,0,3.24325700574497e-06,0,0,0,0,5.18921120919195e-07,0,0,0,0,7.80143377088515e-13,0,0,0,0,7.79904203852541e-13,0,0
335,0,0,1.9848200870663e-06,0,0,0,0,1.9848200870663e-06,0,0,0,0,0,0,0,0,0,3.12914123901962e-10,0,0,0,0,1.32833895107465e-09,0,0,0,0,1.41325750820914e-07,0,0,0,0,1.41325750820914e-07,0,0,0,0,0,0,0,0,0,0,0,0,0,0,0,0,0,0,0,2.09253266064507e-07,0,0,0,0,2.94783970055871e-06,0,0,0,0,4.71654352089393e-07,0,0,0,0,1.0531189262136e-12,0,0,0,0,1.05279606522568e-12,0,0
336,0,0,8.75940819493154e-07,0,0,0,0,8.75940819493154e-07,0,0,0,0,0,0,0,0,0,1.71221394524759e-10,0,0,0,0,5.86222558382511e-10,0,0,0,0,6.23249521776076e-08,0,0,0,0,6.23249521776076e-08,0,0,0,0,0,0,0,0,0,0,0,0,0,0,0,0,0,0,0,9.21699829403651e-08,0,0,0,0,1.30064938605555e-06,0,0,0,0,2.08103901768888e-07,0,0,0,0,4.64762454422137e-13,0,0,0,0,4.6461996940791e-13,0,0
337,0,0,1.58261801111088e-07,0,0,0,0,1.58261801111088e-07,0,0,0,0,0,0,0,0,0,4.23553941793728e-11,0,0,0,0,1.05916559517399e-10,0,0,0,0,1.75507635310553e-08,0,0,0,0,1.75507635310553e-08,0,0,0,0,0,0,0,0,0,0,0,0,0,0,0,0,0,0,0,3.98875729794793e-08,0,0,0,0,3.10216541028505e-07,0,0,0,0,4.96346465645608e-08,0,0,0,0,8.39715897339022e-14,0,0,0,0,8.39458460598079e-14,0,0
338,0,0,7.54039366799196e-08,0,0,0,0,7.54039366799196e-08,0,0,0,0,0,0,0,0,0,2.69779414192007e-11,0,0,0,0,5.04640127379757e-11,0,0,0,0,8.03250109345438e-09,0,0,0,0,8.03250109345438e-09,0,0,0,0,0,0,0,0,0,0,0,0,0,0,0,0,0,0,0,1.75589663358065e-08,0,0,0,0,1.43909003046986e-07,0,0,0,0,2.30254404875178e-08,0,0,0,0,4.00083178047678e-14,0,0,0,0,3.99960522147285e-14,0,0
339,0,0,2.99810977357121e-08,0,0,0,0,2.99810977357121e-08,0,0,0,0,0,0,0,0,0,1.25456983547728e-11,0,0,0,0,2.00648210776557e-11,0,0,0,0,3.3173189988944e-09,0,0,0,0,3.3173189988944e-09,0,0,0,0,0,0,0,0,0,0,0,0,0,0,0,0,0,0,0,7.68260942947014e-09,0,0,0,0,5.87155098944792e-08,0,0,0,0,9.39448158311667e-09,0,0,0,0,1.59075684793206e-14,0,0,0,0,1.59026916006065e-14,0,0
340,0,0,1.50101378690285e-08,0,0,0,0,1.50101378690285e-08,0,0,0,0,0,0,0,0,0,4.99452974699031e-12,0,0,0,0,1.00455204591877e-11,0,0,0,0,1.55773118771692e-09,0,0,0,0,1.55773118771692e-09,0,0,0,0,0,0,0,0,0,0,0,0,0,0,0,0,0,0,0,3.32262210469474e-09,0,0,0,0,2.81476067146288e-08,0,0,0,0,4.50361707434061e-09,0,0,0,0,7.96417790103783e-15,0,0,0,0,7.96173627523364e-15,0,0
341,0,0,4.85424827412077e-09,0,0,0,0,4.85424827412077e-09,0,0,0,0,0,0,0,0,0,1.49413506065247e-12,0,0,0,0,3.2487010297403e-12,0,0,0,0,6.26694922509439e-10,0,0,0,0,6.26694922509439e-10,0,0,0,0,0,0,0,0,0,0,0,0,0,0,0,0,0,0,0,1.44574018607424e-09,0,0,0,0,1.05772524823627e-08,0,0,0,0,1.69236039717803e-09,0,0,0,0,2.57559904967121e-15,0,0,0,0,2.57480943281696e-15,0,0
342,0,0,5.39133261813671e-09,0,0,0,0,5.39133261813671e-09,0,0,0,0,0,0,0,0,0,9.22036169655322e-13,0,0,0,0,3.60814421495274e-12,0,0,0,0,4.34281929740279e-10,0,0,0,0,4.34281929740279e-10,0,0,0,0,0,0,0,0,0,0,0,0,0,0,0,0,0,0,0,6.31981172784904e-10,0,0,0,0,8.61318276239754e-09,0,0,0,0,1.37810924198361e-09,0,0,0,0,2.86056880151014e-15,0,0,0,0,2.85969181976925e-15,0,0
343,0,0,2.39911809889352e-09,0,0,0,0,2.39911809889352e-09,0,0,0,0,0,0,0,0,0,4.03052709927889e-13,0,0,0,0,1.60560750052606e-12,0,0,0,0,1.88225443786189e-10,0,0,0,0,1.88225443786189e-10,0,0,0,0,0,0,0,0,0,0,0,0,0,0,0,0,0,0,0,2.77026865981549e-10,0,0,0,0,3.77220266959579e-09,0,0,0,0,6.03552427135327e-10,0,0,0,0,1.2729398964824e-15,0,0,0,0,1.2725496436607e-15,0,0
344,0,0,3.87260153086518e-10,0,0,0,0,3.87260153086518e-10,0,0,0,0,0,0,0,0,0,1.44177262600984e-13,0,0,0,0,2.59173488265272e-13,0,0,0,0,5.0057236949918e-11,0,0,0,0,5.0057236949918e-11,0,0,0,0,0,0,0,0,0,0,0,0,0,0,0,0,0,0,0,1.22103317797236e-10,0,0,0,0,8.44713556890774e-10,0,0,0,0,1.35154169102524e-10,0,0,0,0,2.05475044937998e-16,0,0,0,0,2.05412051220621e-16,0,0
345,0,0,2.16911626146469e-10,0,0,0,0,2.16911626146469e-10,0,0,0,0,0,0,0,0,0,7.83907470558819e-14,0,0,0,0,1.45167899009515e-13,0,0,0,0,2.35797586130417e-11,0,0,0,0,2.35797586130417e-11,0,0,0,0,0,0,0,0,0,0,0,0,0,0,0,0,0,0,0,5.33591441597668e-11,0,0,0,0,4.19638025016371e-10,0,0,0,0,6.71420840026194e-11,0,0,0,0,1.15090400535122e-16,0,0,0,0,1.15055116580487e-16,0,0
346,0,0,1.02489902789328e-10,0,0,0,0,1.02489902789328e-10,0,0,0,0,0,0,0,0,0,3.48480057367491e-14,0,0,0,0,6.85912697347522e-14,0,0,0,0,1.06160292349254e-11,0,0,0,0,1.06160292349254e-11,0,0,0,0,0,0,0,0,0,0,0,0,0,0,0,0,0,0,0,2.3303706861548e-11,0,0,0,0,1.91965461246873e-10,0,0,0,0,3.07144737994996e-11,0,0,0,0,5.43797682603906e-17,0,0,0,0,5.43630967285564e-17,0,0
347,0,0,3.87571448919385e-11,0,0,0,0,3.87571448919385e-11,0,0,0,0,0,0,0,0,0,1.90682480683499e-14,0,0,0,0,2.59381822704649e-14,0,0,0,0,4.36902857763263e-12,0,0,0,0,4.36902857763263e-12,0,0,0,0,0,0,0,0,0,0,0,0,0,0,0,0,0,0,0,1.0264605682255e-11,0,0,0,0,7.68898631248954e-11,0,0,0,0,1.23023780999833e-11,0,0,0,0,2.05640214333138e-17,0,0,0,0,2.05577169978789e-17,0,0
348,0,0,1.55050333210301e-11,0,0,0,0,1.55050333210301e-11,0,0,0,0,0,0,0,0,0,4.55708437704514e-15,0,0,0,0,1.03767287686396e-14,0,0,0,0,1.96944389676254e-12,0,0,0,0,1.96944389676254e-12,0,0,0,0,0,0,0,0,0,0,0,0,0,0,0,0,0,0,0,4.44484090786348e-12,0,0,0,0,3.33992705231944e-11,0,0,0,0,5.34388328371111e-12,0,0,0,0,8.22676279243231e-18,0,0,0,0,8.22424066440246e-18,0,0
349,0,0,1.7410458029493e-11,0,0,0,0,1.7410458029493e-11,0,0,0,0,0,0,0,0,0,2.81219331134091e-15,0,0,0,0,1.16519324382742e-14,0,0,0,0,1.31970627242293e-12,0,0,0,0,1.31970627242293e-12,0,0,0,0,0,0,0,0,0,0,0,0,0,0,0,0,0,0,0,1.93763744411259e-12,0,0,0,0,2.68187137895156e-11,0,0,0,0,4.2909942063225e-12,0,0,0,0,9.23775559527287e-18,0,0,0,0,9.23492352111349e-18,0,0
350,0,0,8.53488392066995e-12,0,0,0,0,8.53488392066995e-12,0,0,0,0,0,0,0,0,0,1.67659764073401e-15,0,0,0,0,5.71196292732195e-15,0,0,0,0,5.79407588468452e-13,0,0,0,0,5.79407588468452e-13,0,0,0,0,0,0,0,0,0,0,0,0,0,0,0,0,0,0,0,8.58180525433336e-13,0,0,0,0,1.23382356646066e-11,0,0,0,0,1.97411770633706e-12,0,0,0,0,4.5284949746649e-18,0,0,0,0,4.52710664678954e-18,0,0
351,0,0,1.38265316902311e-12,0,0,0,0,1.38265316902311e-12,0,0,0,0,0,0,0,0,0,4.03093159073182e-16,0,0,0,0,9.25339315239833e-16,0,0,0,0,1.66922888031406e-13,0,0,0,0,1.66922888031406e-13,0,0,0,0,0,0,0,0,0,0,0,0,0,0,0,0,0,0,0,3.72072065386004e-13,0,0,0,0,2.87359719682624e-12,0,0,0,0,4.59775551492199e-13,0,0,0,0,7.33617233207098e-19,0,0,0,0,7.3339232377021e-19,0,0
352,0,0,5.94593296983086e-13,0,0,0,0,5.94593296983086e-13,0,0,0,0,0,0,0,0,0,2.72317500105699e-16,0,0,0,0,3.97930997160524e-16,0,0,0,0,6.63027286144181e-14,0,0,0,0,6.63027286144181e-14,0,0,0,0,0,0,0,0,0,0,0,0,0,0,0,0,0,0,0,1.63538943231204e-13,0,0,0,0,1.17014816314786e-12,0,0,0,0,1.87223706103658e-13,0,0,0,0,3.15483231217277e-19,0,0,0,0,3.15386511630183e-19,0,0
353,0,0,3.11497109456278e-13,0,0,0,0,3.11497109456278e-13,0,0,0,0,0,0,0,0,0,1.40045936936471e-16,0,0,0,0,2.08469143543143e-16,0,0,0,0,3.09948421242511e-14,0,0,0,0,3.09948421242511e-14,0,0,0,0,0,0,0,0,0,0,0,0,0,0,0,0,0,0,0,7.16836841618886e-14,0,0,0,0,5.68310747526548e-13,0,0,0,0,9.09297196042477e-14,0,0,0,0,1.65276189800209e-19,0,0,0,0,1.65225520087045e-19,0,0
354,0,0,6.45136913343306e-15,0,0,0,0,6.45136913343306e-15,0,0,0,0,0,0,0,0,0,1.32640607694483e-17,0,0,0,0,4.31757264224704e-18,0,0,0,0,9.05587776713685e-15,0,0,0,0,9.05587776713685e-15,0,0,0,0,0,0,0,0,0,0,0,0,0,0,0,0,0,0,0,3.08893402244093e-14,0,0,0,0,1.12686147434815e-13,0,0,0,0,1.80297835895705e-14,0,0,0,0,3.42300996381525e-21,0,0,0,0,3.42196055111259e-21,0,0
355,0,0,0,0,0,0,0,0,0,0,0,0,0,0,0,0,0,0,0,0,0,0,0,0,0,0,0,0,0,0,0,0,0,0,0,0,0,0,0,0,0,0,0,0,0,0,0,0,0,0,0,0,0,0,0,0,0,0,0,0,0,0,0,0,0,0,0,0,0,0,0,0,0,0,0
356,0,0,0,0,0,0,0,0,0,0,0,0,0,0,0,0,0,0,0,0,0,0,0,0,0,0,0,0,0,0,0,0,0,0,0,0,0,0,0,0,0,0,0,0,0,0,0,0,0,0,0,0,0,0,0,0,0,0,0,0,0,0,0,0,0,0,0,0,0,0,0,0,0,0,0
357,0,0,0,0,0,0,0,0,0,0,0,0,0,0,0,0,0,0,0,0,0,0,0,0,0,0,0,0,0,0,0,0,0,0,0,0,0,0,0,0,0,0,0,0,0,0,0,0,0,0,0,0,0,0,0,0,0,0,0,0,0,0,0,0,0,0,0,0,0,0,0,0,0,0,0
358,0,0,0,0,0,0,0,0,0,0,0,0,0,0,0,0,0,0,0,0,0,0,0,0,0,0,0,0,0,0,0,0,0,0,0,0,0,0,0,0,0,0,0,0,0,0,0,0,0,0,0,0,0,0,0,0,0,0,0,0,0,0,0,0,0,0,0,0,0,0,0,0,0,0,0
359,0,0,0,0,0,0,0,0,0,0,0,0,0,0,0,0,0,0,0,0,0,0,0,0,0,0,0,0,0,0,0,0,0,0,0,0,0,0,0,0,0,0,0,0,0,0,0,0,0,0,0,0,0,0,0,0,0,0,0,0,0,0,0,0,0,0,0,0,0,0,0,0,0,0,0
360,0,0,0,0,0,0,0,0,0,0,0,0,0,0,0,0,0,0,0,0,0,0,0,0,0,0,0,0,0,0,0,0,0,0,0,0,0,0,0,0,0,0,0,0,0,0,0,0,0,0,0,0,0,0,0,0,0,0,0,0,0,0,0,0,0,0,0,0,0,0,0,0,0,0,0
361,0,0,0,0,0,0,0,0,0,0,0,0,0,0,0,0,0,0,0,0,0,0,0,0,0,0,0,0,0,0,0,0,0,0,0,0,0,0,0,0,0,0,0,0,0,0,0,0,0,0,0,0,0,0,0,0,0,0,0,0,0,0,0,0,0,0,0,0,0,0,0,0,0,0,0
362,0,0,0,0,0,0,0,0,0,0,0,0,0,0,0,0,0,0,0,0,0,0,0,0,0,0,0,0,0,0,0,0,0,0,0,0,0,0,0,0,0,0,0,0,0,0,0,0,0,0,0,0,0,0,0,0,0,0,0,0,0,0,0,0,0,0,0,0,0,0,0,0,0,0,0
363,0,0,0,0,0,0,0,0,0,0,0,0,0,0,0,0,0,0,0,0,0,0,0,0,0,0,0,0,0,0,0,0,0,0,0,0,0,0,0,0,0,0,0,0,0,0,0,0,0,0,0,0,0,0,0,0,0,0,0,0,0,0,0,0,0,0,0,0,0,0,0,0,0,0,0
364,0,0,0,0,0,0,0,0,0,0,0,0,0,0,0,0,0,0,0,0,0,0,0,0,0,0,0,0,0,0,0,0,0,0,0,0,0,0,0,0,0,0,0,0,0,0,0,0,0,0,0,0,0,0,0,0,0,0,0,0,0,0,0,0,0,0,0,0,0,0,0,0,0,0,0
